       1  0.129006E+00  0.296199E+01    0.100E+01    0.150E+01
       2  0.199072E+00  0.298405E+01    0.100E+01    0.150E+01
       3  0.248113E+00  0.303567E+01    0.100E+01    0.150E+01
       4  0.205359E+00  0.311070E+01    0.100E+01    0.150E+01
       5  0.138793E+00  0.316420E+01    0.100E+01    0.150E+01
       6  0.887545E-01  0.322040E+01    0.100E+01    0.150E+01
       7  0.503682E-01  0.328709E+01    0.100E+01    0.150E+01
       8  0.627914E+01  0.334676E+01    0.100E+01    0.150E+01
       9  0.620126E+01  0.338798E+01    0.100E+01    0.150E+01
      10  0.612466E+01  0.340358E+01    0.100E+01    0.150E+01
      11  0.606700E+01  0.336572E+01    0.100E+01    0.150E+01
      12  0.610340E+01  0.328990E+01    0.100E+01    0.150E+01
      13  0.617232E+01  0.324089E+01    0.100E+01    0.150E+01
      14  0.620619E+01  0.317830E+01    0.100E+01    0.150E+01
      15  0.615658E+01  0.310722E+01    0.100E+01    0.150E+01
      16  0.609650E+01  0.304009E+01    0.100E+01    0.150E+01
      17  0.610200E+01  0.296934E+01    0.100E+01    0.150E+01
      18  0.618101E+01  0.293622E+01    0.100E+01    0.150E+01
      19  0.626148E+01  0.294154E+01    0.100E+01    0.150E+01
      20  0.457560E-01  0.297122E+01    0.100E+01    0.150E+01
      21  0.100821E+00  0.302206E+01    0.100E+01    0.150E+01
      22  0.155402E+00  0.307643E+01    0.100E+01    0.150E+01
      23  0.218269E+00  0.313024E+01    0.100E+01    0.150E+01
      24  0.255077E+00  0.319358E+01    0.100E+01    0.150E+01
      25  0.220397E+00  0.326379E+01    0.100E+01    0.150E+01
      26  0.147639E+00  0.331140E+01    0.100E+01    0.150E+01
      27  0.763076E-01  0.333246E+01    0.100E+01    0.150E+01
      28  0.859217E-02  0.330987E+01    0.100E+01    0.150E+01
      29  0.626774E+01  0.323476E+01    0.100E+01    0.150E+01
      30  0.627011E+01  0.315511E+01    0.100E+01    0.150E+01
      31  0.624472E+01  0.308873E+01    0.100E+01    0.150E+01
      32  0.619124E+01  0.302591E+01    0.100E+01    0.150E+01
      33  0.615288E+01  0.295847E+01    0.100E+01    0.150E+01
      34  0.614292E+01  0.288257E+01    0.100E+01    0.150E+01
      35  0.613314E+01  0.280563E+01    0.100E+01    0.150E+01
      36  0.609242E+01  0.274203E+01    0.100E+01    0.150E+01
      37  0.602935E+01  0.270442E+01    0.100E+01    0.150E+01
      38  0.595992E+01  0.270921E+01    0.100E+01    0.150E+01
      39  0.597699E+01  0.278437E+01    0.100E+01    0.150E+01
      40  0.605546E+01  0.282451E+01    0.100E+01    0.150E+01
      41  0.613403E+01  0.286462E+01    0.100E+01    0.150E+01
      42  0.619717E+01  0.292748E+01    0.100E+01    0.150E+01
      43  0.624762E+01  0.300257E+01    0.100E+01    0.150E+01
      44  0.179753E-01  0.307252E+01    0.100E+01    0.150E+01
      45  0.678799E-01  0.313257E+01    0.100E+01    0.150E+01
      46  0.920114E-01  0.320386E+01    0.100E+01    0.150E+01
      47  0.673329E-01  0.328428E+01    0.100E+01    0.150E+01
      48  0.288897E-01  0.335446E+01    0.100E+01    0.150E+01
      49  0.311374E-01  0.343041E+01    0.100E+01    0.150E+01
      50  0.950465E-01  0.348488E+01    0.100E+01    0.150E+01
      51  0.173364E+00  0.349556E+01    0.100E+01    0.150E+01
      52  0.221048E+00  0.344561E+01    0.100E+01    0.150E+01
      53  0.197396E+00  0.336153E+01    0.100E+01    0.150E+01
      54  0.144274E+00  0.328622E+01    0.100E+01    0.150E+01
      55  0.932811E-01  0.321585E+01    0.100E+01    0.150E+01
      56  0.368883E-01  0.314410E+01    0.100E+01    0.150E+01
      57  0.625616E+01  0.308146E+01    0.100E+01    0.150E+01
      58  0.619463E+01  0.302237E+01    0.100E+01    0.150E+01
      59  0.616391E+01  0.295306E+01    0.100E+01    0.150E+01
      60  0.619453E+01  0.288151E+01    0.100E+01    0.150E+01
      61  0.625832E+01  0.284185E+01    0.100E+01    0.150E+01
      62  0.466278E-01  0.282621E+01    0.100E+01    0.150E+01
      63  0.117770E+00  0.283703E+01    0.100E+01    0.150E+01
      64  0.136806E+00  0.290377E+01    0.100E+01    0.150E+01
      65  0.806800E-01  0.297433E+01    0.100E+01    0.150E+01
      66  0.247629E-01  0.304154E+01    0.100E+01    0.150E+01
      67  0.627729E+01  0.312585E+01    0.100E+01    0.150E+01
      68  0.628044E+01  0.321253E+01    0.100E+01    0.150E+01
      69  0.390806E-01  0.327902E+01    0.100E+01    0.150E+01
      70  0.118678E+00  0.331209E+01    0.100E+01    0.150E+01
      71  0.204300E+00  0.332169E+01    0.100E+01    0.150E+01
      72  0.278448E+00  0.331800E+01    0.100E+01    0.150E+01
      73  0.323091E+00  0.326806E+01    0.100E+01    0.150E+01
      74  0.256666E+00  0.321523E+01    0.100E+01    0.150E+01
      75  0.171365E+00  0.319497E+01    0.100E+01    0.150E+01
      76  0.869671E-01  0.316873E+01    0.100E+01    0.150E+01
      77  0.146829E-01  0.312990E+01    0.100E+01    0.150E+01
      78  0.624153E+01  0.308074E+01    0.100E+01    0.150E+01
      79  0.618667E+01  0.302968E+01    0.100E+01    0.150E+01
      80  0.613690E+01  0.297412E+01    0.100E+01    0.150E+01
      81  0.614710E+01  0.289627E+01    0.100E+01    0.150E+01
      82  0.621960E+01  0.284698E+01    0.100E+01    0.150E+01
      83  0.158336E-01  0.282678E+01    0.100E+01    0.150E+01
      84  0.830652E-01  0.284956E+01    0.100E+01    0.150E+01
      85  0.742636E-01  0.292537E+01    0.100E+01    0.150E+01
      86  0.809441E-02  0.298634E+01    0.100E+01    0.150E+01
      87  0.623424E+01  0.304376E+01    0.100E+01    0.150E+01
      88  0.622266E+01  0.312038E+01    0.100E+01    0.150E+01
      89  0.625989E+01  0.319340E+01    0.100E+01    0.150E+01
      90  0.314363E-01  0.324571E+01    0.100E+01    0.150E+01
      91  0.902752E-01  0.329201E+01    0.100E+01    0.150E+01
      92  0.146504E+00  0.334068E+01    0.100E+01    0.150E+01
      93  0.204569E+00  0.338762E+01    0.100E+01    0.150E+01
      94  0.266292E+00  0.342997E+01    0.100E+01    0.150E+01
      95  0.313950E+00  0.348556E+01    0.100E+01    0.150E+01
      96  0.266720E+00  0.354278E+01    0.100E+01    0.150E+01
      97  0.179262E+00  0.354136E+01    0.100E+01    0.150E+01
      98  0.107457E+00  0.350466E+01    0.100E+01    0.150E+01
      99  0.775483E-01  0.342737E+01    0.100E+01    0.150E+01
     100  0.662315E-01  0.333596E+01    0.100E+01    0.150E+01
     101  0.406645E-01  0.324773E+01    0.100E+01    0.150E+01
     102  0.123626E-01  0.316069E+01    0.100E+01    0.150E+01
     103  0.100781E-01  0.306650E+01    0.100E+01    0.150E+01
     104  0.288596E-01  0.297663E+01    0.100E+01    0.150E+01
     105  0.128152E-01  0.290285E+01    0.100E+01    0.150E+01
     106  0.621802E+01  0.286739E+01    0.100E+01    0.150E+01
     107  0.612887E+01  0.286794E+01    0.100E+01    0.150E+01
     108  0.605607E+01  0.289154E+01    0.100E+01    0.150E+01
     109  0.605181E+01  0.296784E+01    0.100E+01    0.150E+01
     110  0.612007E+01  0.302510E+01    0.100E+01    0.150E+01
     111  0.619184E+01  0.307674E+01    0.100E+01    0.150E+01
     112  0.623109E+01  0.314263E+01    0.100E+01    0.150E+01
     113  0.624465E+01  0.321930E+01    0.100E+01    0.150E+01
     114  0.628188E+01  0.328345E+01    0.100E+01    0.150E+01
     115  0.696436E-01  0.331095E+01    0.100E+01    0.150E+01
     116  0.141987E+00  0.332016E+01    0.100E+01    0.150E+01
     117  0.210963E+00  0.334284E+01    0.100E+01    0.150E+01
     118  0.249118E+00  0.340471E+01    0.100E+01    0.150E+01
     119  0.218284E+00  0.347233E+01    0.100E+01    0.150E+01
     120  0.152316E+00  0.350354E+01    0.100E+01    0.150E+01
     121  0.809810E-01  0.349420E+01    0.100E+01    0.150E+01
     122  0.353579E-01  0.343555E+01    0.100E+01    0.150E+01
     123  0.221099E-01  0.335614E+01    0.100E+01    0.150E+01
     124  0.147936E-01  0.326442E+01    0.100E+01    0.150E+01
     125  0.186333E-01  0.317378E+01    0.100E+01    0.150E+01
     126  0.344175E-01  0.307995E+01    0.100E+01    0.150E+01
     127  0.246702E-01  0.299105E+01    0.100E+01    0.150E+01
     128  0.624604E+01  0.292801E+01    0.100E+01    0.150E+01
     129  0.616108E+01  0.291279E+01    0.100E+01    0.150E+01
     130  0.608242E+01  0.294434E+01    0.100E+01    0.150E+01
     131  0.605973E+01  0.301171E+01    0.100E+01    0.150E+01
     132  0.612125E+01  0.307092E+01    0.100E+01    0.150E+01
     133  0.620666E+01  0.309462E+01    0.100E+01    0.150E+01
     134  0.627725E+01  0.311867E+01    0.100E+01    0.150E+01
     135  0.465375E-01  0.316995E+01    0.100E+01    0.150E+01
     136  0.892471E-01  0.323044E+01    0.100E+01    0.150E+01
     137  0.148284E+00  0.327940E+01    0.100E+01    0.150E+01
     138  0.213641E+00  0.331268E+01    0.100E+01    0.150E+01
     139  0.274256E+00  0.335390E+01    0.100E+01    0.150E+01
     140  0.274571E+00  0.342584E+01    0.100E+01    0.150E+01
     141  0.199885E+00  0.346928E+01    0.100E+01    0.150E+01
     142  0.133138E+00  0.350014E+01    0.100E+01    0.150E+01
     143  0.991454E-01  0.356586E+01    0.100E+01    0.150E+01
     144  0.111318E+00  0.364181E+01    0.100E+01    0.150E+01
     145  0.102951E+00  0.371538E+01    0.100E+01    0.150E+01
     146  0.260392E-01  0.373496E+01    0.100E+01    0.150E+01
     147  0.623842E+01  0.370231E+01    0.100E+01    0.150E+01
     148  0.620729E+01  0.362915E+01    0.100E+01    0.150E+01
     149  0.620601E+01  0.353672E+01    0.100E+01    0.150E+01
     150  0.617672E+01  0.345067E+01    0.100E+01    0.150E+01
     151  0.612004E+01  0.338041E+01    0.100E+01    0.150E+01
     152  0.607670E+01  0.330143E+01    0.100E+01    0.150E+01
     153  0.609109E+01  0.321237E+01    0.100E+01    0.150E+01
     154  0.614802E+01  0.314367E+01    0.100E+01    0.150E+01
     155  0.620972E+01  0.309118E+01    0.100E+01    0.150E+01
     156  0.626573E+01  0.304142E+01    0.100E+01    0.150E+01
     157  0.293146E-01  0.298069E+01    0.100E+01    0.150E+01
     158  0.758770E-01  0.291871E+01    0.100E+01    0.150E+01
     159  0.138200E+00  0.286512E+01    0.100E+01    0.150E+01
     160  0.204947E+00  0.283431E+01    0.100E+01    0.150E+01
     161  0.276427E+00  0.283500E+01    0.100E+01    0.150E+01
     162  0.302924E+00  0.290360E+01    0.100E+01    0.150E+01
     163  0.250412E+00  0.297638E+01    0.100E+01    0.150E+01
     164  0.191603E+00  0.303163E+01    0.100E+01    0.150E+01
     165  0.155220E+00  0.309709E+01    0.100E+01    0.150E+01
     166  0.131697E+00  0.317261E+01    0.100E+01    0.150E+01
     167  0.836018E-01  0.324907E+01    0.100E+01    0.150E+01
     168  0.158343E-01  0.330496E+01    0.100E+01    0.150E+01
     169  0.622892E+01  0.333262E+01    0.100E+01    0.150E+01
     170  0.616175E+01  0.330740E+01    0.100E+01    0.150E+01
     171  0.613179E+01  0.323852E+01    0.100E+01    0.150E+01
     172  0.609686E+01  0.317510E+01    0.100E+01    0.150E+01
     173  0.602171E+01  0.313572E+01    0.100E+01    0.150E+01
     174  0.594944E+01  0.309804E+01    0.100E+01    0.150E+01
     175  0.593857E+01  0.302522E+01    0.100E+01    0.150E+01
     176  0.601099E+01  0.297811E+01    0.100E+01    0.150E+01
     177  0.609807E+01  0.296837E+01    0.100E+01    0.150E+01
     178  0.618256E+01  0.296263E+01    0.100E+01    0.150E+01
     179  0.625924E+01  0.296390E+01    0.100E+01    0.150E+01
     180  0.458252E-01  0.299795E+01    0.100E+01    0.150E+01
     181  0.112853E+00  0.305944E+01    0.100E+01    0.150E+01
     182  0.175732E+00  0.311665E+01    0.100E+01    0.150E+01
     183  0.232955E+00  0.316516E+01    0.100E+01    0.150E+01
     184  0.276762E+00  0.322697E+01    0.100E+01    0.150E+01
     185  0.289932E+00  0.330605E+01    0.100E+01    0.150E+01
     186  0.282231E+00  0.338338E+01    0.100E+01    0.150E+01
     187  0.253441E+00  0.345385E+01    0.100E+01    0.150E+01
     188  0.186558E+00  0.349234E+01    0.100E+01    0.150E+01
     189  0.990160E-01  0.349234E+01    0.100E+01    0.150E+01
     190  0.168976E-01  0.347320E+01    0.100E+01    0.150E+01
     191  0.623529E+01  0.343090E+01    0.100E+01    0.150E+01
     192  0.620610E+01  0.335649E+01    0.100E+01    0.150E+01
     193  0.619310E+01  0.326484E+01    0.100E+01    0.150E+01
     194  0.616317E+01  0.317867E+01    0.100E+01    0.150E+01
     195  0.611123E+01  0.310437E+01    0.100E+01    0.150E+01
     196  0.605879E+01  0.303296E+01    0.100E+01    0.150E+01
     197  0.603192E+01  0.295984E+01    0.100E+01    0.150E+01
     198  0.605895E+01  0.289057E+01    0.100E+01    0.150E+01
     199  0.613812E+01  0.286806E+01    0.100E+01    0.150E+01
     200  0.622527E+01  0.287661E+01    0.100E+01    0.150E+01
     201  0.309574E-01  0.289113E+01    0.100E+01    0.150E+01
     202  0.107822E+00  0.291644E+01    0.100E+01    0.150E+01
     203  0.159384E+00  0.297258E+01    0.100E+01    0.150E+01
     204  0.175186E+00  0.306069E+01    0.100E+01    0.150E+01
     205  0.166468E+00  0.315040E+01    0.100E+01    0.150E+01
     206  0.160843E+00  0.322960E+01    0.100E+01    0.150E+01
     207  0.178062E+00  0.330457E+01    0.100E+01    0.150E+01
     208  0.212099E+00  0.337323E+01    0.100E+01    0.150E+01
     209  0.225448E+00  0.344608E+01    0.100E+01    0.150E+01
     210  0.176164E+00  0.351625E+01    0.100E+01    0.150E+01
     211  0.937916E-01  0.353816E+01    0.100E+01    0.150E+01
     212  0.115450E-01  0.350900E+01    0.100E+01    0.150E+01
     213  0.623018E+01  0.344746E+01    0.100E+01    0.150E+01
     214  0.617983E+01  0.337295E+01    0.100E+01    0.150E+01
     215  0.614128E+01  0.329054E+01    0.100E+01    0.150E+01
     216  0.612135E+01  0.320108E+01    0.100E+01    0.150E+01
     217  0.612659E+01  0.310549E+01    0.100E+01    0.150E+01
     218  0.615787E+01  0.302471E+01    0.100E+01    0.150E+01
     219  0.619463E+01  0.296046E+01    0.100E+01    0.150E+01
     220  0.621280E+01  0.289163E+01    0.100E+01    0.150E+01
     221  0.620506E+01  0.281446E+01    0.100E+01    0.150E+01
     222  0.619248E+01  0.273806E+01    0.100E+01    0.150E+01
     223  0.623225E+01  0.267473E+01    0.100E+01    0.150E+01
     224  0.339256E-01  0.266058E+01    0.100E+01    0.150E+01
     225  0.113192E+00  0.268541E+01    0.100E+01    0.150E+01
     226  0.151806E+00  0.276331E+01    0.100E+01    0.150E+01
     227  0.142669E+00  0.285520E+01    0.100E+01    0.150E+01
     228  0.131218E+00  0.294610E+01    0.100E+01    0.150E+01
     229  0.132272E+00  0.303883E+01    0.100E+01    0.150E+01
     230  0.129211E+00  0.313114E+01    0.100E+01    0.150E+01
     231  0.960932E-01  0.321642E+01    0.100E+01    0.150E+01
     232  0.374268E-01  0.327457E+01    0.100E+01    0.150E+01
     233  0.625320E+01  0.330272E+01    0.100E+01    0.150E+01
     234  0.618255E+01  0.332117E+01    0.100E+01    0.150E+01
     235  0.611550E+01  0.335196E+01    0.100E+01    0.150E+01
     236  0.605622E+01  0.339749E+01    0.100E+01    0.150E+01
     237  0.599390E+01  0.343650E+01    0.100E+01    0.150E+01
     238  0.592291E+01  0.345336E+01    0.100E+01    0.150E+01
     239  0.585731E+01  0.342749E+01    0.100E+01    0.150E+01
     240  0.588194E+01  0.335660E+01    0.100E+01    0.150E+01
     241  0.595738E+01  0.331081E+01    0.100E+01    0.150E+01
     242  0.602526E+01  0.326104E+01    0.100E+01    0.150E+01
     243  0.605709E+01  0.318931E+01    0.100E+01    0.150E+01
     244  0.607279E+01  0.309965E+01    0.100E+01    0.150E+01
     245  0.612034E+01  0.302396E+01    0.100E+01    0.150E+01
     246  0.620079E+01  0.299075E+01    0.100E+01    0.150E+01
     247  0.392530E-02  0.298622E+01    0.100E+01    0.150E+01
     248  0.840073E-01  0.298272E+01    0.100E+01    0.150E+01
     249  0.156378E+00  0.297229E+01    0.100E+01    0.150E+01
     250  0.229694E+00  0.297561E+01    0.100E+01    0.150E+01
     251  0.298264E+00  0.301385E+01    0.100E+01    0.150E+01
     252  0.342345E+00  0.307427E+01    0.100E+01    0.150E+01
     253  0.333210E+00  0.314678E+01    0.100E+01    0.150E+01
     254  0.261488E+00  0.319717E+01    0.100E+01    0.150E+01
     255  0.180752E+00  0.323356E+01    0.100E+01    0.150E+01
     256  0.104564E+00  0.326198E+01    0.100E+01    0.150E+01
     257  0.320302E-01  0.325510E+01    0.100E+01    0.150E+01
     258  0.625325E+01  0.320767E+01    0.100E+01    0.150E+01
     259  0.618958E+01  0.316629E+01    0.100E+01    0.150E+01
     260  0.611449E+01  0.315921E+01    0.100E+01    0.150E+01
     261  0.604277E+01  0.315120E+01    0.100E+01    0.150E+01
     262  0.599748E+01  0.309643E+01    0.100E+01    0.150E+01
     263  0.600286E+01  0.302152E+01    0.100E+01    0.150E+01
     264  0.603980E+01  0.295480E+01    0.100E+01    0.150E+01
     265  0.609528E+01  0.290448E+01    0.100E+01    0.150E+01
     266  0.615515E+01  0.286685E+01    0.100E+01    0.150E+01
     267  0.622736E+01  0.283807E+01    0.100E+01    0.150E+01
     268  0.264928E-01  0.284385E+01    0.100E+01    0.150E+01
     269  0.989354E-01  0.289612E+01    0.100E+01    0.150E+01
     270  0.143672E+00  0.297167E+01    0.100E+01    0.150E+01
     271  0.166162E+00  0.305076E+01    0.100E+01    0.150E+01
     272  0.190031E+00  0.313741E+01    0.100E+01    0.150E+01
     273  0.225042E+00  0.321947E+01    0.100E+01    0.150E+01
     274  0.263877E+00  0.328987E+01    0.100E+01    0.150E+01
     275  0.287380E+00  0.336231E+01    0.100E+01    0.150E+01
     276  0.255114E+00  0.342770E+01    0.100E+01    0.150E+01
     277  0.175746E+00  0.346478E+01    0.100E+01    0.150E+01
     278  0.901783E-01  0.347323E+01    0.100E+01    0.150E+01
     279  0.701190E-02  0.344620E+01    0.100E+01    0.150E+01
     280  0.622719E+01  0.338394E+01    0.100E+01    0.150E+01
     281  0.618396E+01  0.330409E+01    0.100E+01    0.150E+01
     282  0.614897E+01  0.322071E+01    0.100E+01    0.150E+01
     283  0.612129E+01  0.313881E+01    0.100E+01    0.150E+01
     284  0.610862E+01  0.306208E+01    0.100E+01    0.150E+01
     285  0.611313E+01  0.298577E+01    0.100E+01    0.150E+01
     286  0.612948E+01  0.290574E+01    0.100E+01    0.150E+01
     287  0.615766E+01  0.283291E+01    0.100E+01    0.150E+01
     288  0.621435E+01  0.278843E+01    0.100E+01    0.150E+01
     289  0.509282E-02  0.280000E+01    0.100E+01    0.150E+01
     290  0.715326E-01  0.284129E+01    0.100E+01    0.150E+01
     291  0.114241E+00  0.290639E+01    0.100E+01    0.150E+01
     292  0.126538E+00  0.299654E+01    0.100E+01    0.150E+01
     293  0.137597E+00  0.308745E+01    0.100E+01    0.150E+01
     294  0.169761E+00  0.316834E+01    0.100E+01    0.150E+01
     295  0.215326E+00  0.322892E+01    0.100E+01    0.150E+01
     296  0.242219E+00  0.330020E+01    0.100E+01    0.150E+01
     297  0.210814E+00  0.338055E+01    0.100E+01    0.150E+01
     298  0.141189E+00  0.343946E+01    0.100E+01    0.150E+01
     299  0.666584E-01  0.345091E+01    0.100E+01    0.150E+01
     300  0.652520E-02  0.340472E+01    0.100E+01    0.150E+01
     301  0.623381E+01  0.333464E+01    0.100E+01    0.150E+01
     302  0.617442E+01  0.327008E+01    0.100E+01    0.150E+01
     303  0.612668E+01  0.319615E+01    0.100E+01    0.150E+01
     304  0.611589E+01  0.310504E+01    0.100E+01    0.150E+01
     305  0.612864E+01  0.301584E+01    0.100E+01    0.150E+01
     306  0.613235E+01  0.293811E+01    0.100E+01    0.150E+01
     307  0.610471E+01  0.286799E+01    0.100E+01    0.150E+01
     308  0.605887E+01  0.280685E+01    0.100E+01    0.150E+01
     309  0.605479E+01  0.273318E+01    0.100E+01    0.150E+01
     310  0.612865E+01  0.269308E+01    0.100E+01    0.150E+01
     311  0.621289E+01  0.271161E+01    0.100E+01    0.150E+01
     312  0.627564E+01  0.277473E+01    0.100E+01    0.150E+01
     313  0.268170E-01  0.285886E+01    0.100E+01    0.150E+01
     314  0.595388E-01  0.294449E+01    0.100E+01    0.150E+01
     315  0.106551E+00  0.302189E+01    0.100E+01    0.150E+01
     316  0.154987E+00  0.309826E+01    0.100E+01    0.150E+01
     317  0.166162E+00  0.317288E+01    0.100E+01    0.150E+01
     318  0.118166E+00  0.323358E+01    0.100E+01    0.150E+01
     319  0.477247E-01  0.327492E+01    0.100E+01    0.150E+01
     320  0.627232E+01  0.332065E+01    0.100E+01    0.150E+01
     321  0.625514E+01  0.339433E+01    0.100E+01    0.150E+01
     322  0.627398E+01  0.346885E+01    0.100E+01    0.150E+01
     323  0.626858E+01  0.354299E+01    0.100E+01    0.150E+01
     324  0.619885E+01  0.357733E+01    0.100E+01    0.150E+01
     325  0.612210E+01  0.356401E+01    0.100E+01    0.150E+01
     326  0.606348E+01  0.352019E+01    0.100E+01    0.150E+01
     327  0.604476E+01  0.344066E+01    0.100E+01    0.150E+01
     328  0.605546E+01  0.334893E+01    0.100E+01    0.150E+01
     329  0.606691E+01  0.325727E+01    0.100E+01    0.150E+01
     330  0.609415E+01  0.317070E+01    0.100E+01    0.150E+01
     331  0.615856E+01  0.310959E+01    0.100E+01    0.150E+01
     332  0.623704E+01  0.307192E+01    0.100E+01    0.150E+01
     333  0.225990E-01  0.302666E+01    0.100E+01    0.150E+01
     334  0.626451E-01  0.296272E+01    0.100E+01    0.150E+01
     335  0.744624E-01  0.288662E+01    0.100E+01    0.150E+01
     336  0.847489E-01  0.281058E+01    0.100E+01    0.150E+01
     337  0.122187E+00  0.274482E+01    0.100E+01    0.150E+01
     338  0.181599E+00  0.270001E+01    0.100E+01    0.150E+01
     339  0.251356E+00  0.270338E+01    0.100E+01    0.150E+01
     340  0.265155E+00  0.278022E+01    0.100E+01    0.150E+01
     341  0.216282E+00  0.285557E+01    0.100E+01    0.150E+01
     342  0.155256E+00  0.292194E+01    0.100E+01    0.150E+01
     343  0.110358E+00  0.300072E+01    0.100E+01    0.150E+01
     344  0.765406E-01  0.308572E+01    0.100E+01    0.150E+01
     345  0.259937E-01  0.315961E+01    0.100E+01    0.150E+01
     346  0.624204E+01  0.321485E+01    0.100E+01    0.150E+01
     347  0.617908E+01  0.325433E+01    0.100E+01    0.150E+01
     348  0.612319E+01  0.330364E+01    0.100E+01    0.150E+01
     349  0.609147E+01  0.337239E+01    0.100E+01    0.150E+01
     350  0.607898E+01  0.344882E+01    0.100E+01    0.150E+01
     351  0.605268E+01  0.352130E+01    0.100E+01    0.150E+01
     352  0.601126E+01  0.358475E+01    0.100E+01    0.150E+01
     353  0.599699E+01  0.365782E+01    0.100E+01    0.150E+01
     354  0.606401E+01  0.369211E+01    0.100E+01    0.150E+01
     355  0.614805E+01  0.366225E+01    0.100E+01    0.150E+01
     356  0.619872E+01  0.358673E+01    0.100E+01    0.150E+01
     357  0.620369E+01  0.349497E+01    0.100E+01    0.150E+01
     358  0.622084E+01  0.340540E+01    0.100E+01    0.150E+01
     359  0.627762E+01  0.333600E+01    0.100E+01    0.150E+01
     360  0.616810E-01  0.327690E+01    0.100E+01    0.150E+01
     361  0.110094E+00  0.320074E+01    0.100E+01    0.150E+01
     362  0.120076E+00  0.311023E+01    0.100E+01    0.150E+01
     363  0.121543E+00  0.302218E+01    0.100E+01    0.150E+01
     364  0.154760E+00  0.295380E+01    0.100E+01    0.150E+01
     365  0.209480E+00  0.290340E+01    0.100E+01    0.150E+01
     366  0.225172E+00  0.283174E+01    0.100E+01    0.150E+01
     367  0.153388E+00  0.278588E+01    0.100E+01    0.150E+01
     368  0.687268E-01  0.280036E+01    0.100E+01    0.150E+01
     369  0.455921E-02  0.286228E+01    0.100E+01    0.150E+01
     370  0.626796E+01  0.295158E+01    0.100E+01    0.150E+01
     371  0.626713E+01  0.304754E+01    0.100E+01    0.150E+01
     372  0.624356E+01  0.313591E+01    0.100E+01    0.150E+01
     373  0.619882E+01  0.321279E+01    0.100E+01    0.150E+01
     374  0.616495E+01  0.328410E+01    0.100E+01    0.150E+01
     375  0.616895E+01  0.335975E+01    0.100E+01    0.150E+01
     376  0.620816E+01  0.342631E+01    0.100E+01    0.150E+01
     377  0.624673E+01  0.349173E+01    0.100E+01    0.150E+01
     378  0.625709E+01  0.356761E+01    0.100E+01    0.150E+01
     379  0.623080E+01  0.363946E+01    0.100E+01    0.150E+01
     380  0.619401E+01  0.370622E+01    0.100E+01    0.150E+01
     381  0.619907E+01  0.377877E+01    0.100E+01    0.150E+01
     382  0.626439E+01  0.382098E+01    0.100E+01    0.150E+01
     383  0.500561E-01  0.381093E+01    0.100E+01    0.150E+01
     384  0.976504E-01  0.373814E+01    0.100E+01    0.150E+01
     385  0.112430E+00  0.364722E+01    0.100E+01    0.150E+01
     386  0.124697E+00  0.355553E+01    0.100E+01    0.150E+01
     387  0.125978E+00  0.346313E+01    0.100E+01    0.150E+01
     388  0.965643E-01  0.337715E+01    0.100E+01    0.150E+01
     389  0.439304E-01  0.330405E+01    0.100E+01    0.150E+01
     390  0.231996E-02  0.322238E+01    0.100E+01    0.150E+01
     391  0.135011E-01  0.313208E+01    0.100E+01    0.150E+01
     392  0.627832E-01  0.305886E+01    0.100E+01    0.150E+01
     393  0.945810E-01  0.299001E+01    0.100E+01    0.150E+01
     394  0.544965E-01  0.291740E+01    0.100E+01    0.150E+01
     395  0.625868E+01  0.288123E+01    0.100E+01    0.150E+01
     396  0.618462E+01  0.286618E+01    0.100E+01    0.150E+01
     397  0.611560E+01  0.288431E+01    0.100E+01    0.150E+01
     398  0.609698E+01  0.296042E+01    0.100E+01    0.150E+01
     399  0.613019E+01  0.304432E+01    0.100E+01    0.150E+01
     400  0.615914E+01  0.312017E+01    0.100E+01    0.150E+01
     401  0.617899E+01  0.319207E+01    0.100E+01    0.150E+01
     402  0.622211E+01  0.326610E+01    0.100E+01    0.150E+01
     403  0.192109E-02  0.332858E+01    0.100E+01    0.150E+01
     404  0.558993E-01  0.338125E+01    0.100E+01    0.150E+01
     405  0.616764E-01  0.345350E+01    0.100E+01    0.150E+01
     406  0.627189E+01  0.349392E+01    0.100E+01    0.150E+01
     407  0.619875E+01  0.349323E+01    0.100E+01    0.150E+01
     408  0.615572E+01  0.343994E+01    0.100E+01    0.150E+01
     409  0.621520E+01  0.337593E+01    0.100E+01    0.150E+01
     410  0.350566E-02  0.332383E+01    0.100E+01    0.150E+01
     411  0.468772E-01  0.324439E+01    0.100E+01    0.150E+01
     412  0.581304E-01  0.315538E+01    0.100E+01    0.150E+01
     413  0.628177E-01  0.307144E+01    0.100E+01    0.150E+01
     414  0.609694E-01  0.299847E+01    0.100E+01    0.150E+01
     415  0.130882E-01  0.293171E+01    0.100E+01    0.150E+01
     416  0.621489E+01  0.290119E+01    0.100E+01    0.150E+01
     417  0.612623E+01  0.290763E+01    0.100E+01    0.150E+01
     418  0.607301E+01  0.295459E+01    0.100E+01    0.150E+01
     419  0.611483E+01  0.302588E+01    0.100E+01    0.150E+01
     420  0.619626E+01  0.305892E+01    0.100E+01    0.150E+01
     421  0.626043E+01  0.310212E+01    0.100E+01    0.150E+01
     422  0.627411E+01  0.318062E+01    0.100E+01    0.150E+01
     423  0.624294E+01  0.325241E+01    0.100E+01    0.150E+01
     424  0.621285E+01  0.332207E+01    0.100E+01    0.150E+01
     425  0.623287E+01  0.339286E+01    0.100E+01    0.150E+01
     426  0.209341E-02  0.344771E+01    0.100E+01    0.150E+01
     427  0.335475E-01  0.351588E+01    0.100E+01    0.150E+01
     428  0.126397E-01  0.358919E+01    0.100E+01    0.150E+01
     429  0.626887E+01  0.366016E+01    0.100E+01    0.150E+01
     430  0.320364E-01  0.371650E+01    0.100E+01    0.150E+01
     431  0.112450E+00  0.369249E+01    0.100E+01    0.150E+01
     432  0.137053E+00  0.361330E+01    0.100E+01    0.150E+01
     433  0.882704E-01  0.353787E+01    0.100E+01    0.150E+01
     434  0.348656E-01  0.346529E+01    0.100E+01    0.150E+01
     435  0.330817E-01  0.337531E+01    0.100E+01    0.150E+01
     436  0.640769E-01  0.328904E+01    0.100E+01    0.150E+01
     437  0.703778E-01  0.319798E+01    0.100E+01    0.150E+01
     438  0.258386E-01  0.311944E+01    0.100E+01    0.150E+01
     439  0.625404E+01  0.305239E+01    0.100E+01    0.150E+01
     440  0.622947E+01  0.298079E+01    0.100E+01    0.150E+01
     441  0.625718E+01  0.291066E+01    0.100E+01    0.150E+01
     442  0.276909E-01  0.285813E+01    0.100E+01    0.150E+01
     443  0.422480E-01  0.278742E+01    0.100E+01    0.150E+01
     444  0.627417E+01  0.272451E+01    0.100E+01    0.150E+01
     445  0.620541E+01  0.272265E+01    0.100E+01    0.150E+01
     446  0.619117E+01  0.280234E+01    0.100E+01    0.150E+01
     447  0.622836E+01  0.288509E+01    0.100E+01    0.150E+01
     448  0.626440E+01  0.295780E+01    0.100E+01    0.150E+01
     449  0.627069E+01  0.303527E+01    0.100E+01    0.150E+01
     450  0.627217E+01  0.312662E+01    0.100E+01    0.150E+01
     451  0.155872E-01  0.321374E+01    0.100E+01    0.150E+01
     452  0.554838E-01  0.329059E+01    0.100E+01    0.150E+01
     453  0.604679E-01  0.336411E+01    0.100E+01    0.150E+01
     454  0.481771E-02  0.341362E+01    0.100E+01    0.150E+01
     455  0.621147E+01  0.342098E+01    0.100E+01    0.150E+01
     456  0.615934E+01  0.337364E+01    0.100E+01    0.150E+01
     457  0.619326E+01  0.329867E+01    0.100E+01    0.150E+01
     458  0.626110E+01  0.324375E+01    0.100E+01    0.150E+01
     459  0.215159E-01  0.318049E+01    0.100E+01    0.150E+01
     460  0.169799E-01  0.310117E+01    0.100E+01    0.150E+01
     461  0.627767E+01  0.302103E+01    0.100E+01    0.150E+01
     462  0.627292E+01  0.294425E+01    0.100E+01    0.150E+01
     463  0.627918E+01  0.286852E+01    0.100E+01    0.150E+01
     464  0.625442E+01  0.279678E+01    0.100E+01    0.150E+01
     465  0.618917E+01  0.276789E+01    0.100E+01    0.150E+01
     466  0.612680E+01  0.280110E+01    0.100E+01    0.150E+01
     467  0.615268E+01  0.287154E+01    0.100E+01    0.150E+01
     468  0.622980E+01  0.291526E+01    0.100E+01    0.150E+01
     469  0.272864E-02  0.298340E+01    0.100E+01    0.150E+01
     470  0.130060E-03  0.307355E+01    0.100E+01    0.150E+01
     471  0.624814E+01  0.315538E+01    0.100E+01    0.150E+01
     472  0.622507E+01  0.322788E+01    0.100E+01    0.150E+01
     473  0.623016E+01  0.330466E+01    0.100E+01    0.150E+01
     474  0.623409E+01  0.338266E+01    0.100E+01    0.150E+01
     475  0.619969E+01  0.344952E+01    0.100E+01    0.150E+01
     476  0.614252E+01  0.349728E+01    0.100E+01    0.150E+01
     477  0.611366E+01  0.356378E+01    0.100E+01    0.150E+01
     478  0.617950E+01  0.361396E+01    0.100E+01    0.150E+01
     479  0.626439E+01  0.359797E+01    0.100E+01    0.150E+01
     480  0.171971E-01  0.351834E+01    0.100E+01    0.150E+01
     481  0.627098E+01  0.343144E+01    0.100E+01    0.150E+01
     482  0.624287E+01  0.334360E+01    0.100E+01    0.150E+01
     483  0.625287E+01  0.325049E+01    0.100E+01    0.150E+01
     484  0.628236E+01  0.316517E+01    0.100E+01    0.150E+01
     485  0.163848E-02  0.307292E+01    0.100E+01    0.150E+01
     486  0.626024E+01  0.298400E+01    0.100E+01    0.150E+01
     487  0.625427E+01  0.290051E+01    0.100E+01    0.150E+01
     488  0.300446E-01  0.285945E+01    0.100E+01    0.150E+01
     489  0.115646E+00  0.287749E+01    0.100E+01    0.150E+01
     490  0.166039E+00  0.293428E+01    0.100E+01    0.150E+01
     491  0.136145E+00  0.300839E+01    0.100E+01    0.150E+01
     492  0.600180E-01  0.305847E+01    0.100E+01    0.150E+01
     493  0.374299E-02  0.312404E+01    0.100E+01    0.150E+01
     494  0.682653E-02  0.321353E+01    0.100E+01    0.150E+01
     495  0.359793E-01  0.329088E+01    0.100E+01    0.150E+01
     496  0.374344E-01  0.336646E+01    0.100E+01    0.150E+01
     497  0.627445E+01  0.342508E+01    0.100E+01    0.150E+01
     498  0.621152E+01  0.346537E+01    0.100E+01    0.150E+01
     499  0.614767E+01  0.350177E+01    0.100E+01    0.150E+01
     500  0.607678E+01  0.351592E+01    0.100E+01    0.150E+01
     501  0.601462E+01  0.347971E+01    0.100E+01    0.150E+01
     502  0.597433E+01  0.341566E+01    0.100E+01    0.150E+01
     503  0.599066E+01  0.333489E+01    0.100E+01    0.150E+01
     504  0.605632E+01  0.327384E+01    0.100E+01    0.150E+01
     505  0.612073E+01  0.321165E+01    0.100E+01    0.150E+01
     506  0.616416E+01  0.313427E+01    0.100E+01    0.150E+01
     507  0.616746E+01  0.305736E+01    0.100E+01    0.150E+01
     508  0.613175E+01  0.299056E+01    0.100E+01    0.150E+01
     509  0.611464E+01  0.291787E+01    0.100E+01    0.150E+01
     510  0.617440E+01  0.285688E+01    0.100E+01    0.150E+01
     511  0.625919E+01  0.283969E+01    0.100E+01    0.150E+01
     512  0.597388E-01  0.286108E+01    0.100E+01    0.150E+01
     513  0.124992E+00  0.292240E+01    0.100E+01    0.150E+01
     514  0.163392E+00  0.300459E+01    0.100E+01    0.150E+01
     515  0.173771E+00  0.308750E+01    0.100E+01    0.150E+01
     516  0.164318E+00  0.316327E+01    0.100E+01    0.150E+01
     517  0.135271E+00  0.323736E+01    0.100E+01    0.150E+01
     518  0.864464E-01  0.330591E+01    0.100E+01    0.150E+01
     519  0.267121E-01  0.335743E+01    0.100E+01    0.150E+01
     520  0.624414E+01  0.339134E+01    0.100E+01    0.150E+01
     521  0.617346E+01  0.340826E+01    0.100E+01    0.150E+01
     522  0.610220E+01  0.339478E+01    0.100E+01    0.150E+01
     523  0.606204E+01  0.333234E+01    0.100E+01    0.150E+01
     524  0.606778E+01  0.324071E+01    0.100E+01    0.150E+01
     525  0.608218E+01  0.315076E+01    0.100E+01    0.150E+01
     526  0.608979E+01  0.306145E+01    0.100E+01    0.150E+01
     527  0.610202E+01  0.298510E+01    0.100E+01    0.150E+01
     528  0.613071E+01  0.291321E+01    0.100E+01    0.150E+01
     529  0.616656E+01  0.284108E+01    0.100E+01    0.150E+01
     530  0.619321E+01  0.276972E+01    0.100E+01    0.150E+01
     531  0.623917E+01  0.271148E+01    0.100E+01    0.150E+01
     532  0.341757E-01  0.272383E+01    0.100E+01    0.150E+01
     533  0.108083E+00  0.277248E+01    0.100E+01    0.150E+01
     534  0.180474E+00  0.282455E+01    0.100E+01    0.150E+01
     535  0.238645E+00  0.289173E+01    0.100E+01    0.150E+01
     536  0.258905E+00  0.298080E+01    0.100E+01    0.150E+01
     537  0.249381E+00  0.307537E+01    0.100E+01    0.150E+01
     538  0.222536E+00  0.315756E+01    0.100E+01    0.150E+01
     539  0.178879E+00  0.322159E+01    0.100E+01    0.150E+01
     540  0.116857E+00  0.328390E+01    0.100E+01    0.150E+01
     541  0.446741E-01  0.333395E+01    0.100E+01    0.150E+01
     542  0.624132E+01  0.335803E+01    0.100E+01    0.150E+01
     543  0.616028E+01  0.334682E+01    0.100E+01    0.150E+01
     544  0.609941E+01  0.330474E+01    0.100E+01    0.150E+01
     545  0.606030E+01  0.324120E+01    0.100E+01    0.150E+01
     546  0.605210E+01  0.316879E+01    0.100E+01    0.150E+01
     547  0.606181E+01  0.308056E+01    0.100E+01    0.150E+01
     548  0.608386E+01  0.299301E+01    0.100E+01    0.150E+01
     549  0.612639E+01  0.292501E+01    0.100E+01    0.150E+01
     550  0.618925E+01  0.289862E+01    0.100E+01    0.150E+01
     551  0.626159E+01  0.291349E+01    0.100E+01    0.150E+01
     552  0.457525E-01  0.294349E+01    0.100E+01    0.150E+01
     553  0.108810E+00  0.298316E+01    0.100E+01    0.150E+01
     554  0.160926E+00  0.303652E+01    0.100E+01    0.150E+01
     555  0.203879E+00  0.311277E+01    0.100E+01    0.150E+01
     556  0.237845E+00  0.319929E+01    0.100E+01    0.150E+01
     557  0.253823E+00  0.328021E+01    0.100E+01    0.150E+01
     558  0.242390E+00  0.335582E+01    0.100E+01    0.150E+01
     559  0.205796E+00  0.342315E+01    0.100E+01    0.150E+01
     560  0.162827E+00  0.348616E+01    0.100E+01    0.150E+01
     561  0.113068E+00  0.354212E+01    0.100E+01    0.150E+01
     562  0.419022E-01  0.356395E+01    0.100E+01    0.150E+01
     563  0.624279E+01  0.353666E+01    0.100E+01    0.150E+01
     564  0.617158E+01  0.348456E+01    0.100E+01    0.150E+01
     565  0.611555E+01  0.341062E+01    0.100E+01    0.150E+01
     566  0.609400E+01  0.332250E+01    0.100E+01    0.150E+01
     567  0.609314E+01  0.323016E+01    0.100E+01    0.150E+01
     568  0.608807E+01  0.313474E+01    0.100E+01    0.150E+01
     569  0.608120E+01  0.305103E+01    0.100E+01    0.150E+01
     570  0.609877E+01  0.297942E+01    0.100E+01    0.150E+01
     571  0.615698E+01  0.291772E+01    0.100E+01    0.150E+01
     572  0.623273E+01  0.286615E+01    0.100E+01    0.150E+01
     573  0.222080E-01  0.284342E+01    0.100E+01    0.150E+01
     574  0.905692E-01  0.287593E+01    0.100E+01    0.150E+01
     575  0.142139E+00  0.294150E+01    0.100E+01    0.150E+01
     576  0.184553E+00  0.300656E+01    0.100E+01    0.150E+01
     577  0.219758E+00  0.306997E+01    0.100E+01    0.150E+01
     578  0.228589E+00  0.314683E+01    0.100E+01    0.150E+01
     579  0.197825E+00  0.323160E+01    0.100E+01    0.150E+01
     580  0.145390E+00  0.330329E+01    0.100E+01    0.150E+01
     581  0.100451E+00  0.336400E+01    0.100E+01    0.150E+01
     582  0.692462E-01  0.343431E+01    0.100E+01    0.150E+01
     583  0.392675E-01  0.350501E+01    0.100E+01    0.150E+01
     584  0.626205E+01  0.354077E+01    0.100E+01    0.150E+01
     585  0.617714E+01  0.352769E+01    0.100E+01    0.150E+01
     586  0.610366E+01  0.348334E+01    0.100E+01    0.150E+01
     587  0.605062E+01  0.341367E+01    0.100E+01    0.150E+01
     588  0.602593E+01  0.332441E+01    0.100E+01    0.150E+01
     589  0.601891E+01  0.323297E+01    0.100E+01    0.150E+01
     590  0.602458E+01  0.313951E+01    0.100E+01    0.150E+01
     591  0.605523E+01  0.305544E+01    0.100E+01    0.150E+01
     592  0.611643E+01  0.299074E+01    0.100E+01    0.150E+01
     593  0.619462E+01  0.295319E+01    0.100E+01    0.150E+01
     594  0.627299E+01  0.294039E+01    0.100E+01    0.150E+01
     595  0.622976E-01  0.294763E+01    0.100E+01    0.150E+01
     596  0.131459E+00  0.297234E+01    0.100E+01    0.150E+01
     597  0.190462E+00  0.301828E+01    0.100E+01    0.150E+01
     598  0.231815E+00  0.307926E+01    0.100E+01    0.150E+01
     599  0.260271E+00  0.314691E+01    0.100E+01    0.150E+01
     600  0.270793E+00  0.322412E+01    0.100E+01    0.150E+01
     601  0.242524E+00  0.329800E+01    0.100E+01    0.150E+01
     602  0.183536E+00  0.335477E+01    0.100E+01    0.150E+01
     603  0.119451E+00  0.339275E+01    0.100E+01    0.150E+01
     604  0.489882E-01  0.341360E+01    0.100E+01    0.150E+01
     605  0.626040E+01  0.340562E+01    0.100E+01    0.150E+01
     606  0.619083E+01  0.337662E+01    0.100E+01    0.150E+01
     607  0.612167E+01  0.333421E+01    0.100E+01    0.150E+01
     608  0.605774E+01  0.327159E+01    0.100E+01    0.150E+01
     609  0.602062E+01  0.318756E+01    0.100E+01    0.150E+01
     610  0.600981E+01  0.309335E+01    0.100E+01    0.150E+01
     611  0.602074E+01  0.301406E+01    0.100E+01    0.150E+01
     612  0.604874E+01  0.294180E+01    0.100E+01    0.150E+01
     613  0.608964E+01  0.288094E+01    0.100E+01    0.150E+01
     614  0.614957E+01  0.283974E+01    0.100E+01    0.150E+01
     615  0.623438E+01  0.282826E+01    0.100E+01    0.150E+01
     616  0.349621E-01  0.285005E+01    0.100E+01    0.150E+01
     617  0.111688E+00  0.289526E+01    0.100E+01    0.150E+01
     618  0.173785E+00  0.296062E+01    0.100E+01    0.150E+01
     619  0.212945E+00  0.303727E+01    0.100E+01    0.150E+01
     620  0.234530E+00  0.311848E+01    0.100E+01    0.150E+01
     621  0.247533E+00  0.319424E+01    0.100E+01    0.150E+01
     622  0.253629E+00  0.327302E+01    0.100E+01    0.150E+01
     623  0.232548E+00  0.334561E+01    0.100E+01    0.150E+01
     624  0.167077E+00  0.339959E+01    0.100E+01    0.150E+01
     625  0.824696E-01  0.341727E+01    0.100E+01    0.150E+01
     626  0.627777E+01  0.340390E+01    0.100E+01    0.150E+01
     627  0.620338E+01  0.336610E+01    0.100E+01    0.150E+01
     628  0.615067E+01  0.330094E+01    0.100E+01    0.150E+01
     629  0.611015E+01  0.321944E+01    0.100E+01    0.150E+01
     630  0.607163E+01  0.313461E+01    0.100E+01    0.150E+01
     631  0.604201E+01  0.305992E+01    0.100E+01    0.150E+01
     632  0.604210E+01  0.298207E+01    0.100E+01    0.150E+01
     633  0.608550E+01  0.291012E+01    0.100E+01    0.150E+01
     634  0.615095E+01  0.284964E+01    0.100E+01    0.150E+01
     635  0.621693E+01  0.281692E+01    0.100E+01    0.150E+01
     636  0.529683E-02  0.282020E+01    0.100E+01    0.150E+01
     637  0.660290E-01  0.286416E+01    0.100E+01    0.150E+01
     638  0.108828E+00  0.293165E+01    0.100E+01    0.150E+01
     639  0.145722E+00  0.301426E+01    0.100E+01    0.150E+01
     640  0.179095E+00  0.309893E+01    0.100E+01    0.150E+01
     641  0.203945E+00  0.318089E+01    0.100E+01    0.150E+01
     642  0.212395E+00  0.325643E+01    0.100E+01    0.150E+01
     643  0.212519E+00  0.333581E+01    0.100E+01    0.150E+01
     644  0.219797E+00  0.341198E+01    0.100E+01    0.150E+01
     645  0.223379E+00  0.348865E+01    0.100E+01    0.150E+01
     646  0.176549E+00  0.354878E+01    0.100E+01    0.150E+01
     647  0.904699E-01  0.355366E+01    0.100E+01    0.150E+01
     648  0.553614E-02  0.353254E+01    0.100E+01    0.150E+01
     649  0.620960E+01  0.349498E+01    0.100E+01    0.150E+01
     650  0.614982E+01  0.342931E+01    0.100E+01    0.150E+01
     651  0.611479E+01  0.334472E+01    0.100E+01    0.150E+01
     652  0.608977E+01  0.325647E+01    0.100E+01    0.150E+01
     653  0.607718E+01  0.316780E+01    0.100E+01    0.150E+01
     654  0.609687E+01  0.308082E+01    0.100E+01    0.150E+01
     655  0.615151E+01  0.300960E+01    0.100E+01    0.150E+01
     656  0.621996E+01  0.295527E+01    0.100E+01    0.150E+01
     657  0.627743E+01  0.290736E+01    0.100E+01    0.150E+01
     658  0.403667E-01  0.284711E+01    0.100E+01    0.150E+01
     659  0.808433E-01  0.278273E+01    0.100E+01    0.150E+01
     660  0.135719E+00  0.273322E+01    0.100E+01    0.150E+01
     661  0.207546E+00  0.272506E+01    0.100E+01    0.150E+01
     662  0.267320E+00  0.276679E+01    0.100E+01    0.150E+01
     663  0.273356E+00  0.284760E+01    0.100E+01    0.150E+01
     664  0.238352E+00  0.293222E+01    0.100E+01    0.150E+01
     665  0.197320E+00  0.301369E+01    0.100E+01    0.150E+01
     666  0.154052E+00  0.309918E+01    0.100E+01    0.150E+01
     667  0.112521E+00  0.318237E+01    0.100E+01    0.150E+01
     668  0.744190E-01  0.326635E+01    0.100E+01    0.150E+01
     669  0.341909E-01  0.334845E+01    0.100E+01    0.150E+01
     670  0.626393E+01  0.339947E+01    0.100E+01    0.150E+01
     671  0.618939E+01  0.340143E+01    0.100E+01    0.150E+01
     672  0.610708E+01  0.337596E+01    0.100E+01    0.150E+01
     673  0.603523E+01  0.335201E+01    0.100E+01    0.150E+01
     674  0.597344E+01  0.331276E+01    0.100E+01    0.150E+01
     675  0.596154E+01  0.323775E+01    0.100E+01    0.150E+01
     676  0.599936E+01  0.315464E+01    0.100E+01    0.150E+01
     677  0.605892E+01  0.308920E+01    0.100E+01    0.150E+01
     678  0.613249E+01  0.304064E+01    0.100E+01    0.150E+01
     679  0.621484E+01  0.300377E+01    0.100E+01    0.150E+01
     680  0.101985E-01  0.297544E+01    0.100E+01    0.150E+01
     681  0.799212E-01  0.295236E+01    0.100E+01    0.150E+01
     682  0.150443E+00  0.293332E+01    0.100E+01    0.150E+01
     683  0.222494E+00  0.292114E+01    0.100E+01    0.150E+01
     684  0.293811E+00  0.293181E+01    0.100E+01    0.150E+01
     685  0.347350E+00  0.298112E+01    0.100E+01    0.150E+01
     686  0.353379E+00  0.306295E+01    0.100E+01    0.150E+01
     687  0.308593E+00  0.314010E+01    0.100E+01    0.150E+01
     688  0.238875E+00  0.319492E+01    0.100E+01    0.150E+01
     689  0.159177E+00  0.323717E+01    0.100E+01    0.150E+01
     690  0.893802E-01  0.326979E+01    0.100E+01    0.150E+01
     691  0.198248E-01  0.329754E+01    0.100E+01    0.150E+01
     692  0.623409E+01  0.331722E+01    0.100E+01    0.150E+01
     693  0.615572E+01  0.332404E+01    0.100E+01    0.150E+01
     694  0.607892E+01  0.330365E+01    0.100E+01    0.150E+01
     695  0.601493E+01  0.324939E+01    0.100E+01    0.150E+01
     696  0.597713E+01  0.317590E+01    0.100E+01    0.150E+01
     697  0.596788E+01  0.310011E+01    0.100E+01    0.150E+01
     698  0.598951E+01  0.302431E+01    0.100E+01    0.150E+01
     699  0.603999E+01  0.295466E+01    0.100E+01    0.150E+01
     700  0.610653E+01  0.289692E+01    0.100E+01    0.150E+01
     701  0.618716E+01  0.286341E+01    0.100E+01    0.150E+01
     702  0.627397E+01  0.286610E+01    0.100E+01    0.150E+01
     703  0.753820E-01  0.289877E+01    0.100E+01    0.150E+01
     704  0.147966E+00  0.294741E+01    0.100E+01    0.150E+01
     705  0.185658E+00  0.300931E+01    0.100E+01    0.150E+01
     706  0.194391E+00  0.308351E+01    0.100E+01    0.150E+01
     707  0.203480E+00  0.316157E+01    0.100E+01    0.150E+01
     708  0.230139E+00  0.323312E+01    0.100E+01    0.150E+01
     709  0.260255E+00  0.330344E+01    0.100E+01    0.150E+01
     710  0.255594E+00  0.337696E+01    0.100E+01    0.150E+01
     711  0.191835E+00  0.342549E+01    0.100E+01    0.150E+01
     712  0.105842E+00  0.343258E+01    0.100E+01    0.150E+01
     713  0.228382E-01  0.340641E+01    0.100E+01    0.150E+01
     714  0.623151E+01  0.335762E+01    0.100E+01    0.150E+01
     715  0.616591E+01  0.329686E+01    0.100E+01    0.150E+01
     716  0.611117E+01  0.322892E+01    0.100E+01    0.150E+01
     717  0.607977E+01  0.315077E+01    0.100E+01    0.150E+01
     718  0.608206E+01  0.306032E+01    0.100E+01    0.150E+01
     719  0.610630E+01  0.297423E+01    0.100E+01    0.150E+01
     720  0.613449E+01  0.289776E+01    0.100E+01    0.150E+01
     721  0.617009E+01  0.282948E+01    0.100E+01    0.150E+01
     722  0.622754E+01  0.278424E+01    0.100E+01    0.150E+01
     723  0.172142E-01  0.277494E+01    0.100E+01    0.150E+01
     724  0.858600E-01  0.279898E+01    0.100E+01    0.150E+01
     725  0.128732E+00  0.285810E+01    0.100E+01    0.150E+01
     726  0.141198E+00  0.294764E+01    0.100E+01    0.150E+01
     727  0.149861E+00  0.303846E+01    0.100E+01    0.150E+01
     728  0.171939E+00  0.313067E+01    0.100E+01    0.150E+01
     729  0.199025E+00  0.321859E+01    0.100E+01    0.150E+01
     730  0.213130E+00  0.329930E+01    0.100E+01    0.150E+01
     731  0.203608E+00  0.337438E+01    0.100E+01    0.150E+01
     732  0.163301E+00  0.343976E+01    0.100E+01    0.150E+01
     733  0.992084E-01  0.346817E+01    0.100E+01    0.150E+01
     734  0.197520E-01  0.346270E+01    0.100E+01    0.150E+01
     735  0.621942E+01  0.343866E+01    0.100E+01    0.150E+01
     736  0.614349E+01  0.339096E+01    0.100E+01    0.150E+01
     737  0.609621E+01  0.331402E+01    0.100E+01    0.150E+01
     738  0.608564E+01  0.322218E+01    0.100E+01    0.150E+01
     739  0.609298E+01  0.313575E+01    0.100E+01    0.150E+01
     740  0.610122E+01  0.305672E+01    0.100E+01    0.150E+01
     741  0.610868E+01  0.298566E+01    0.100E+01    0.150E+01
     742  0.612894E+01  0.291865E+01    0.100E+01    0.150E+01
     743  0.617714E+01  0.286616E+01    0.100E+01    0.150E+01
     744  0.624929E+01  0.284009E+01    0.100E+01    0.150E+01
     745  0.375487E-01  0.285166E+01    0.100E+01    0.150E+01
     746  0.858546E-01  0.290128E+01    0.100E+01    0.150E+01
     747  0.116202E+00  0.297814E+01    0.100E+01    0.150E+01
     748  0.150541E+00  0.306029E+01    0.100E+01    0.150E+01
     749  0.197765E+00  0.313643E+01    0.100E+01    0.150E+01
     750  0.235572E+00  0.320565E+01    0.100E+01    0.150E+01
     751  0.233302E+00  0.328513E+01    0.100E+01    0.150E+01
     752  0.177344E+00  0.335185E+01    0.100E+01    0.150E+01
     753  0.101809E+00  0.339682E+01    0.100E+01    0.150E+01
     754  0.339603E-01  0.342685E+01    0.100E+01    0.150E+01
     755  0.624572E+01  0.343960E+01    0.100E+01    0.150E+01
     756  0.618166E+01  0.340682E+01    0.100E+01    0.150E+01
     757  0.614101E+01  0.333170E+01    0.100E+01    0.150E+01
     758  0.611083E+01  0.324000E+01    0.100E+01    0.150E+01
     759  0.608915E+01  0.315285E+01    0.100E+01    0.150E+01
     760  0.608120E+01  0.306826E+01    0.100E+01    0.150E+01
     761  0.608499E+01  0.297354E+01    0.100E+01    0.150E+01
     762  0.609294E+01  0.288210E+01    0.100E+01    0.150E+01
     763  0.610907E+01  0.280696E+01    0.100E+01    0.150E+01
     764  0.615588E+01  0.274965E+01    0.100E+01    0.150E+01
     765  0.622995E+01  0.273335E+01    0.100E+01    0.150E+01
     766  0.317773E-01  0.275062E+01    0.100E+01    0.150E+01
     767  0.979830E-01  0.280752E+01    0.100E+01    0.150E+01
     768  0.125460E+00  0.289403E+01    0.100E+01    0.150E+01
     769  0.128836E+00  0.298553E+01    0.100E+01    0.150E+01
     770  0.135709E+00  0.307692E+01    0.100E+01    0.150E+01
     771  0.158519E+00  0.316512E+01    0.100E+01    0.150E+01
     772  0.184733E+00  0.325426E+01    0.100E+01    0.150E+01
     773  0.185797E+00  0.333431E+01    0.100E+01    0.150E+01
     774  0.141416E+00  0.339223E+01    0.100E+01    0.150E+01
     775  0.674392E-01  0.340583E+01    0.100E+01    0.150E+01
     776  0.627732E+01  0.339432E+01    0.100E+01    0.150E+01
     777  0.620705E+01  0.337004E+01    0.100E+01    0.150E+01
     778  0.615045E+01  0.332629E+01    0.100E+01    0.150E+01
     779  0.610622E+01  0.325080E+01    0.100E+01    0.150E+01
     780  0.607640E+01  0.316401E+01    0.100E+01    0.150E+01
     781  0.606114E+01  0.307712E+01    0.100E+01    0.150E+01
