       1  0.589218E-01  0.295556E+01 -0.700841E-01 -0.642759E-02
       2  0.512711E-01  0.306882E+01 -0.147801E+00  0.847706E-01
       3  0.126901E+00  0.315120E+01 -0.121212E+00  0.115526E+00
       4  0.188187E+00  0.313588E+01 -0.171725E-01  0.251869E-01
       5  0.149297E+00  0.314153E+01  0.105039E-01 -0.226678E-01
       6  0.322055E-01  0.322847E+01 -0.565490E-01  0.806874E-02
       7  0.621268E+01  0.332957E+01  0.616231E+01  0.424832E-01
       8  0.617293E+01  0.334139E+01 -0.106211E+00 -0.537052E-02
       9  0.622713E+01  0.326961E+01  0.258659E-01 -0.118368E+00
      10  0.626337E+01  0.324700E+01  0.138709E+00 -0.156579E+00
      11  0.620205E+01  0.327490E+01  0.135053E+00 -0.908270E-01
      12  0.609586E+01  0.324570E+01 -0.754132E-02 -0.442034E-01
      13  0.604209E+01  0.313034E+01 -0.130228E+00 -0.110551E+00
      14  0.610262E+01  0.303112E+01 -0.103573E+00 -0.147188E+00
      15  0.620438E+01  0.302474E+01  0.478082E-01 -0.824819E-01
      16  0.624818E+01  0.306515E+01  0.151689E+00  0.250660E-01
      17  0.622292E+01  0.303290E+01  0.120918E+00  0.635588E-01
      18  0.620523E+01  0.298632E+01  0.242152E-01  0.501033E-01
      19  0.626703E+01  0.298231E+01  0.554423E-02  0.407638E-01
      20  0.102127E+00  0.302549E+01  0.563707E-01  0.542693E-01
      21  0.175977E+00  0.307426E+01  0.751565E-01  0.522024E-01
      22  0.172314E+00  0.313676E+01  0.169121E-01  0.603276E-01
      23  0.133477E+00  0.320728E+01 -0.847922E-01  0.770397E-01
      24  0.128062E+00  0.325872E+01 -0.127015E+00  0.651375E-01
      25  0.156946E+00  0.323887E+01 -0.634506E-01 -0.249230E-01
      26  0.170812E+00  0.319640E+01  0.231729E-01 -0.114992E+00
      27  0.120856E+00  0.320768E+01  0.445487E-01 -0.124781E+00
      28  0.254360E-01  0.323191E+01  0.168438E-01 -0.779649E-01
      29  0.621983E+01  0.320066E+01 -0.479050E-01 -0.341009E-01
      30  0.619728E+01  0.309429E+01 -0.728295E-01 -0.608129E-01
      31  0.621982E+01  0.301532E+01 -0.248918E-01 -0.734135E-01
      32  0.620978E+01  0.299351E+01  0.185455E-01 -0.324006E-01
      33  0.614356E+01  0.297929E+01 -0.931692E-02  0.208170E-01
      34  0.609188E+01  0.291726E+01 -0.510454E-01  0.346955E-01
      35  0.609435E+01  0.288081E+01 -0.387927E-01  0.751750E-01
      36  0.615002E+01  0.289218E+01  0.576072E-01  0.150150E+00
      37  0.619696E+01  0.291321E+01  0.167614E+00  0.208788E+00
      38  0.619406E+01  0.287538E+01  0.234137E+00  0.166173E+00
      39  0.615538E+01  0.291751E+01  0.178388E+00  0.133139E+00
      40  0.615151E+01  0.300078E+01  0.960538E-01  0.176273E+00
      41  0.620525E+01  0.303812E+01  0.712188E-01  0.173499E+00
      42  0.627237E+01  0.302834E+01  0.752020E-01  0.100857E+00
      43  0.170979E-01  0.304296E+01 -0.623052E+01  0.403875E-01
      44  0.830621E-02  0.310072E+01 -0.966909E-02  0.282029E-01
      45  0.924638E-02  0.318348E+01 -0.586335E-01  0.509167E-01
      46  0.460320E-01  0.324898E+01 -0.459795E-01  0.451209E-01
      47  0.106569E+00  0.330520E+01  0.392360E-01  0.209249E-01
      48  0.130888E+00  0.335589E+01  0.101998E+00  0.143148E-02
      49  0.115118E+00  0.335547E+01  0.839806E-01 -0.749349E-01
      50  0.886684E-01  0.333285E+01 -0.637813E-02 -0.152031E+00
      51  0.996319E-01  0.332032E+01 -0.737325E-01 -0.175242E+00
      52  0.136687E+00  0.331750E+01 -0.843616E-01 -0.128103E+00
      53  0.140500E+00  0.326610E+01 -0.568960E-01 -0.954295E-01
      54  0.780675E-01  0.319321E+01 -0.662064E-01 -0.930062E-01
      55  0.627856E+01  0.311079E+01  0.618528E+01 -0.105051E+00
      56  0.623557E+01  0.305603E+01  0.619868E+01 -0.880670E-01
      57  0.624581E+01  0.300536E+01 -0.103493E-01 -0.760929E-01
      58  0.626350E+01  0.300089E+01  0.688738E-01 -0.214750E-01
      59  0.624044E+01  0.299895E+01  0.765266E-01  0.458868E-01
      60  0.618078E+01  0.296641E+01 -0.137431E-01  0.849009E-01
      61  0.615309E+01  0.291634E+01 -0.105239E+00  0.744842E-01
      62  0.619967E+01  0.289930E+01  0.615304E+01  0.730953E-01
      63  0.472713E-02  0.293721E+01 -0.113043E+00  0.100176E+00
      64  0.648822E-01  0.301494E+01 -0.719235E-01  0.111166E+00
      65  0.650106E-01  0.309950E+01 -0.156694E-01  0.125173E+00
      66  0.431657E-01  0.313451E+01  0.184029E-01  0.929642E-01
      67  0.533076E-01  0.315138E+01 -0.622398E+01  0.255271E-01
      68  0.111701E+00  0.318398E+01 -0.616874E+01 -0.285510E-01
      69  0.170407E+00  0.326752E+01  0.131326E+00 -0.115023E-01
      70  0.171869E+00  0.329046E+01  0.531905E-01 -0.216310E-01
      71  0.120059E+00  0.325742E+01 -0.842413E-01 -0.642700E-01
      72  0.609716E-01  0.320163E+01 -0.217476E+00 -0.116366E+00
      73  0.337068E-01  0.316407E+01 -0.289384E+00 -0.103982E+00
      74  0.610007E-01  0.311724E+01 -0.195665E+00 -0.979935E-01
      75  0.759842E-01  0.310822E+01 -0.953804E-01 -0.867457E-01
      76  0.485744E-01  0.310721E+01 -0.383927E-01 -0.615245E-01
      77  0.627699E+01  0.314995E+01  0.626230E+01  0.200441E-01
      78  0.625187E+01  0.314046E+01  0.103354E-01  0.597203E-01
      79  0.626588E+01  0.303624E+01  0.792127E-01  0.656425E-02
      80  0.695001E-02  0.291138E+01 -0.612995E+01 -0.627416E-01
      81  0.627900E+01  0.287686E+01  0.131903E+00 -0.194133E-01
      82  0.623723E+01  0.294100E+01  0.176305E-01  0.940192E-01
      83  0.620259E+01  0.298736E+01  0.618676E+01  0.160581E+00
      84  0.622067E+01  0.299918E+01  0.613761E+01  0.149619E+00
      85  0.628051E+01  0.302284E+01  0.620624E+01  0.974671E-01
      86  0.291930E-01  0.307854E+01  0.210986E-01  0.922013E-01
      87  0.177064E-01  0.309176E+01 -0.621654E+01  0.480021E-01
      88  0.627823E+01  0.312099E+01  0.555675E-01  0.604960E-03
      89  0.112630E-01  0.318867E+01 -0.624862E+01 -0.473209E-02
      90  0.727665E-01  0.328425E+01  0.413301E-01  0.385450E-01
      91  0.138005E+00  0.331159E+01  0.477302E-01  0.195846E-01
      92  0.151195E+00  0.328282E+01  0.469069E-02 -0.578618E-01
      93  0.120247E+00  0.326569E+01 -0.843227E-01 -0.121927E+00
      94  0.106085E+00  0.332360E+01 -0.160206E+00 -0.106368E+00
      95  0.149173E+00  0.339883E+01 -0.164777E+00 -0.867322E-01
      96  0.198538E+00  0.344372E+01 -0.681815E-01 -0.990641E-01
      97  0.186741E+00  0.341398E+01  0.747891E-02 -0.127386E+00
      98  0.104017E+00  0.335393E+01 -0.343975E-02 -0.150728E+00
      99  0.295700E-01  0.326951E+01 -0.479783E-01 -0.157863E+00
     100  0.199091E-01  0.316846E+01 -0.463225E-01 -0.167496E+00
     101  0.511864E-01  0.310061E+01  0.105220E-01 -0.147118E+00
     102  0.482751E-01  0.307870E+01  0.359125E-01 -0.819982E-01
     103  0.625868E+01  0.306153E+01  0.624860E+01 -0.497281E-02
     104  0.616409E+01  0.300321E+01  0.613523E+01  0.265739E-01
     105  0.612316E+01  0.293989E+01  0.611035E+01  0.370424E-01
     106  0.616231E+01  0.291695E+01 -0.557087E-01  0.495526E-01
     107  0.622143E+01  0.297577E+01  0.925593E-01  0.107829E+00
     108  0.622258E+01  0.302616E+01  0.166504E+00  0.134628E+00
     109  0.616575E+01  0.307416E+01  0.113949E+00  0.106317E+00
     110  0.613310E+01  0.311413E+01  0.130302E-01  0.890314E-01
     111  0.618158E+01  0.313798E+01 -0.102546E-01  0.612335E-01
     112  0.628288E+01  0.313784E+01  0.517886E-01 -0.478931E-02
     113  0.573962E-01  0.316999E+01 -0.618725E+01 -0.493099E-01
     114  0.466291E-01  0.325246E+01 -0.623526E+01 -0.309884E-01
     115  0.222733E-01  0.332469E+01 -0.473702E-01  0.137384E-01
     116  0.480481E-01  0.330908E+01 -0.939393E-01 -0.110874E-01
     117  0.126646E+00  0.324962E+01 -0.843174E-01 -0.932133E-01
     118  0.229716E+00  0.326206E+01 -0.194013E-01 -0.142646E+00
     119  0.266573E+00  0.335039E+01  0.482890E-01 -0.121933E+00
     120  0.202252E+00  0.342021E+01  0.499360E-01 -0.833353E-01
     121  0.872244E-01  0.339521E+01  0.624334E-02 -0.989848E-01
     122  0.244662E-01  0.331398E+01 -0.108917E-01 -0.121575E+00
     123  0.312459E-01  0.322960E+01  0.913597E-02 -0.126539E+00
     124  0.420740E-01  0.316378E+01  0.272803E-01 -0.100639E+00
     125  0.628247E+01  0.304784E+01  0.626384E+01 -0.125945E+00
     126  0.619356E+01  0.296502E+01  0.615914E+01 -0.114923E+00
     127  0.612193E+01  0.298136E+01  0.609726E+01 -0.969622E-02
     128  0.611142E+01  0.306005E+01 -0.134626E+00  0.132040E+00
     129  0.616713E+01  0.305654E+01  0.605189E-02  0.143750E+00
     130  0.620776E+01  0.300500E+01  0.125340E+00  0.606634E-01
     131  0.619228E+01  0.299821E+01  0.132549E+00 -0.134993E-01
     132  0.616715E+01  0.309249E+01  0.458949E-01  0.215664E-01
     133  0.621567E+01  0.317505E+01  0.900856E-02  0.804252E-01
     134  0.342898E-01  0.320043E+01 -0.624296E+01  0.817571E-01
     135  0.123283E+00  0.319425E+01  0.767453E-01  0.242990E-01
     136  0.131361E+00  0.320096E+01  0.421134E-01 -0.294856E-01
     137  0.928616E-01  0.321446E+01 -0.554229E-01 -0.649402E-01
     138  0.851267E-01  0.322655E+01 -0.128514E+00 -0.861298E-01
     139  0.154399E+00  0.328633E+01 -0.119857E+00 -0.675680E-01
     140  0.256913E+00  0.340795E+01 -0.176585E-01 -0.178866E-01
     141  0.280861E+00  0.346979E+01  0.809760E-01  0.512514E-03
     142  0.181982E+00  0.339624E+01  0.488434E-01 -0.103907E+00
     143  0.532221E-01  0.335752E+01 -0.459233E-01 -0.208340E+00
     144  0.628153E+01  0.344187E+01  0.617022E+01 -0.199936E+00
     145  0.208501E-01  0.358740E+01 -0.821013E-01 -0.127974E+00
     146  0.361472E-01  0.362262E+01  0.101080E-01 -0.112336E+00
     147  0.625794E+01  0.352088E+01  0.195199E-01 -0.181435E+00
     148  0.614443E+01  0.339081E+01 -0.628586E-01 -0.238347E+00
     149  0.607023E+01  0.331362E+01 -0.135786E+00 -0.223101E+00
     150  0.609807E+01  0.325038E+01 -0.786453E-01 -0.200287E+00
     151  0.616620E+01  0.318449E+01  0.461564E-01 -0.195920E+00
     152  0.619145E+01  0.314473E+01  0.114749E+00 -0.156695E+00
     153  0.616722E+01  0.316055E+01  0.761230E-01 -0.518263E-01
     154  0.616044E+01  0.316783E+01  0.124172E-01  0.241617E-01
     155  0.620939E+01  0.308748E+01 -0.329293E-03 -0.369547E-02
     156  0.269770E-01  0.298622E+01 -0.623875E+01 -0.551930E-01
     157  0.106894E+00  0.293711E+01  0.775790E-01 -0.435764E-01
     158  0.125176E+00  0.295616E+01  0.492990E-01  0.374458E-01
     159  0.109726E+00  0.297026E+01 -0.284737E-01  0.105136E+00
     160  0.110047E+00  0.297353E+01 -0.949001E-01  0.139225E+00
     161  0.154105E+00  0.296061E+01 -0.122322E+00  0.125613E+00
     162  0.222173E+00  0.297411E+01 -0.807510E-01  0.705085E-01
     163  0.244612E+00  0.303225E+01 -0.579992E-02  0.558713E-01
     164  0.177796E+00  0.312502E+01 -0.138079E-01  0.933830E-01
     165  0.752463E-01  0.322620E+01 -0.799741E-01  0.129109E+00
     166  0.101986E-01  0.328172E+01 -0.121498E+00  0.109106E+00
     167  0.915544E-02  0.323374E+01 -0.744463E-01 -0.153300E-01
     168  0.137308E-01  0.316234E+01 -0.210349E-02 -0.142619E+00
     169  0.624323E+01  0.318781E+01  0.143109E-01 -0.144811E+00
     170  0.611975E+01  0.326373E+01 -0.420018E-01 -0.436745E-01
     171  0.601841E+01  0.325008E+01 -0.113371E+00  0.115655E-01
     172  0.601133E+01  0.312687E+01 -0.855330E-01 -0.482251E-01
     173  0.606990E+01  0.304171E+01  0.481857E-01 -0.940094E-01
     174  0.611808E+01  0.304532E+01  0.168636E+00 -0.527222E-01
     175  0.612605E+01  0.303301E+01  0.187480E+00  0.778995E-02
     176  0.612642E+01  0.296597E+01  0.115432E+00 -0.121344E-01
     177  0.616845E+01  0.297748E+01  0.703868E-01  0.910435E-02
     178  0.624945E+01  0.306850E+01  0.668929E-01  0.105867E+00
     179  0.573216E-01  0.310938E+01 -0.620192E+01  0.145479E+00
     180  0.114564E+00  0.304735E+01  0.687391E-01  0.494032E-01
     181  0.130866E+00  0.302354E+01  0.180134E-01 -0.359051E-01
     182  0.165953E+00  0.311181E+01 -0.977873E-02 -0.483617E-02
     183  0.217758E+00  0.324528E+01 -0.151965E-01  0.801215E-01
     184  0.262923E+00  0.329766E+01 -0.138390E-01  0.706974E-01
     185  0.264432E+00  0.327751E+01 -0.255009E-01 -0.285410E-01
     186  0.217752E+00  0.328581E+01 -0.644793E-01 -0.975717E-01
     187  0.142139E+00  0.337515E+01 -0.111302E+00 -0.786992E-01
     188  0.810996E-01  0.344078E+01 -0.105459E+00 -0.515624E-01
     189  0.421845E-01  0.340527E+01 -0.568315E-01 -0.870770E-01
     190  0.984300E-02  0.333213E+01 -0.705457E-02 -0.141069E+00
     191  0.622792E+01  0.326976E+01 -0.736899E-02 -0.161143E+00
     192  0.615665E+01  0.321498E+01 -0.494487E-01 -0.141512E+00
     193  0.610219E+01  0.312699E+01 -0.909129E-01 -0.137858E+00
     194  0.608725E+01  0.305102E+01 -0.759221E-01 -0.127650E+00
     195  0.610054E+01  0.304090E+01 -0.106914E-01 -0.634765E-01
     196  0.611799E+01  0.307845E+01  0.592020E-01  0.454855E-01
     197  0.614260E+01  0.304973E+01  0.110679E+00  0.898952E-01
     198  0.617655E+01  0.295585E+01  0.117597E+00  0.652765E-01
     199  0.623334E+01  0.288484E+01  0.952215E-01  0.167763E-01
     200  0.139060E-01  0.292008E+01 -0.621137E+01  0.434654E-01
     201  0.722145E-01  0.301290E+01  0.412571E-01  0.121766E+00
     202  0.105285E+00  0.308695E+01 -0.253770E-02  0.170510E+00
     203  0.138334E+00  0.311755E+01 -0.210494E-01  0.144970E+00
     204  0.172026E+00  0.312278E+01 -0.315952E-02  0.620886E-01
     205  0.195238E+00  0.313680E+01  0.287705E-01 -0.135973E-01
     206  0.189070E+00  0.319785E+01  0.282269E-01 -0.317473E-01
     207  0.163716E+00  0.331354E+01 -0.143460E-01  0.896757E-02
     208  0.128482E+00  0.338966E+01 -0.836169E-01  0.164286E-01
     209  0.105629E+00  0.339410E+01 -0.119819E+00 -0.519809E-01
     210  0.781099E-01  0.337984E+01 -0.980545E-01 -0.136411E+00
     211  0.270485E-01  0.340334E+01 -0.667432E-01 -0.134823E+00
     212  0.623382E+01  0.337243E+01  0.622227E+01 -0.136576E+00
     213  0.617296E+01  0.327369E+01 -0.572133E-01 -0.173765E+00
     214  0.615082E+01  0.316510E+01 -0.290093E-01 -0.207847E+00
     215  0.615616E+01  0.314967E+01  0.148786E-01 -0.140872E+00
     216  0.616877E+01  0.315706E+01  0.474183E-01 -0.440173E-01
     217  0.616580E+01  0.307917E+01  0.392072E-01 -0.263174E-01
     218  0.616586E+01  0.293278E+01  0.799869E-02 -0.919302E-01
     219  0.617056E+01  0.291143E+01 -0.240645E-01 -0.490234E-01
     220  0.621273E+01  0.299625E+01 -0.685206E-04  0.104619E+00
     221  0.627390E+01  0.299111E+01  0.688362E-01  0.176657E+00
     222  0.338646E-01  0.283210E+01 -0.615861E+01  0.940481E-01
     223  0.450125E-01  0.275565E+01 -0.618724E+01  0.809256E-01
     224  0.524546E-01  0.286969E+01  0.185290E-01  0.209111E+00
     225  0.812230E-01  0.297608E+01 -0.319695E-01  0.290674E+00
     226  0.135167E+00  0.297172E+01 -0.166393E-01  0.208401E+00
     227  0.153260E+00  0.297530E+01  0.105913E-01  0.120102E+00
     228  0.127993E+00  0.308255E+01 -0.322441E-02  0.136449E+00
     229  0.745883E-01  0.317396E+01 -0.576842E-01  0.135129E+00
     230  0.437753E-01  0.317318E+01 -0.854357E-01  0.420404E-01
     231  0.482077E-01  0.315539E+01 -0.478855E-01 -0.610283E-01
     232  0.565257E-01  0.322439E+01  0.190989E-01 -0.501740E-01
     233  0.700415E-02  0.329886E+01 -0.624620E+01 -0.386116E-02
     234  0.619513E+01  0.331511E+01  0.125810E-01 -0.606217E-02
     235  0.610839E+01  0.328283E+01 -0.710809E-02 -0.691251E-01
     236  0.606067E+01  0.330007E+01  0.444790E-02 -0.974155E-01
     237  0.606599E+01  0.333905E+01  0.720898E-01 -0.974535E-01
     238  0.606625E+01  0.334749E+01  0.143349E+00 -0.105878E+00
     239  0.603045E+01  0.331408E+01  0.173131E+00 -0.113407E+00
     240  0.597137E+01  0.326361E+01  0.894326E-01 -0.929919E-01
     241  0.596351E+01  0.319427E+01  0.613112E-02 -0.116539E+00
     242  0.603210E+01  0.312090E+01  0.684815E-02 -0.140131E+00
     243  0.613541E+01  0.308904E+01  0.783133E-01 -0.100266E+00
     244  0.621872E+01  0.309036E+01  0.145935E+00 -0.928416E-02
     245  0.626783E+01  0.305500E+01  0.147483E+00  0.310359E-01
     246  0.189367E-02  0.298218E+01 -0.619890E+01 -0.857413E-02
     247  0.427149E-01  0.296289E+01  0.387896E-01 -0.233288E-01
     248  0.116226E+00  0.302177E+01  0.322187E-01  0.390484E-01
     249  0.211513E+00  0.308549E+01  0.551347E-01  0.113197E+00
     250  0.260288E+00  0.306296E+01  0.305942E-01  0.873438E-01
     251  0.247856E+00  0.303997E+01 -0.504083E-01  0.261183E-01
     252  0.208362E+00  0.311278E+01 -0.133983E+00  0.385119E-01
     253  0.183429E+00  0.323567E+01 -0.149781E+00  0.888886E-01
     254  0.160665E+00  0.324209E+01 -0.100823E+00  0.449274E-01
     255  0.122706E+00  0.315163E+01 -0.580459E-01 -0.819239E-01
     256  0.586297E-01  0.312029E+01 -0.459344E-01 -0.141692E+00
     257  0.624750E+01  0.323405E+01  0.621547E+01 -0.210488E-01
     258  0.616666E+01  0.328464E+01 -0.865861E-01  0.769625E-01
     259  0.613050E+01  0.315810E+01 -0.590812E-01 -0.818748E-02
     260  0.611532E+01  0.300839E+01  0.825200E-03 -0.150828E+00
     261  0.607423E+01  0.303501E+01  0.314520E-01 -0.116190E+00
     262  0.603235E+01  0.313465E+01  0.348678E-01  0.382197E-01
     263  0.602652E+01  0.310409E+01  0.236584E-01  0.825754E-01
     264  0.609213E+01  0.295056E+01  0.523264E-01 -0.423996E-02
     265  0.617709E+01  0.288122E+01  0.818021E-01 -0.232601E-01
     266  0.624566E+01  0.294489E+01  0.905154E-01  0.780361E-01
     267  0.128134E-01  0.299090E+01 -0.621454E+01  0.152830E+00
     268  0.559048E-01  0.296106E+01  0.294120E-01  0.117205E+00
     269  0.109544E+00  0.297483E+01  0.106081E-01  0.787127E-01
     270  0.171145E+00  0.307741E+01  0.274726E-01  0.105739E+00
     271  0.216122E+00  0.316349E+01  0.499607E-01  0.112723E+00
     272  0.232112E+00  0.318130E+01  0.420812E-01  0.438862E-01
     273  0.218145E+00  0.319167E+01 -0.689634E-02 -0.278033E-01
     274  0.192424E+00  0.327171E+01 -0.714528E-01 -0.181627E-01
     275  0.160938E+00  0.337055E+01 -0.126443E+00  0.823811E-02
     276  0.128912E+00  0.341023E+01 -0.126202E+00 -0.174690E-01
     277  0.812568E-01  0.336624E+01 -0.944890E-01 -0.985356E-01
     278  0.167273E-01  0.330999E+01 -0.734510E-01 -0.163244E+00
     279  0.623188E+01  0.326017E+01  0.622486E+01 -0.186026E+00
     280  0.617672E+01  0.322322E+01 -0.504689E-01 -0.160720E+00
     281  0.615546E+01  0.320825E+01 -0.284977E-01 -0.958345E-01
     282  0.614625E+01  0.318319E+01 -0.272337E-02 -0.375196E-01
     283  0.613696E+01  0.308676E+01  0.156654E-01 -0.520564E-01
     284  0.612935E+01  0.296508E+01  0.207335E-01 -0.969946E-01
     285  0.614374E+01  0.292948E+01  0.306064E-01 -0.562869E-01
     286  0.618238E+01  0.297999E+01  0.529070E-01  0.742567E-01
     287  0.623991E+01  0.297283E+01  0.822477E-01  0.139925E+00
     288  0.627830E+01  0.287984E+01  0.639480E-01  0.914101E-01
     289  0.216996E-01  0.287388E+01  0.166067E-01  0.738828E-01
     290  0.643956E-01  0.301227E+01 -0.713697E-02  0.170981E+00
     291  0.132801E+00  0.311045E+01  0.185601E-01  0.204067E+00
     292  0.175561E+00  0.308579E+01  0.490232E-01  0.892491E-01
     293  0.180929E+00  0.306449E+01  0.433325E-01 -0.229668E-01
     294  0.155029E+00  0.316974E+01 -0.147327E-01  0.139292E-02
     295  0.141933E+00  0.331266E+01 -0.733922E-01  0.837393E-01
     296  0.144948E+00  0.335080E+01 -0.972707E-01  0.506006E-01
     297  0.136644E+00  0.329258E+01 -0.741701E-01 -0.879742E-01
     298  0.909817E-01  0.326954E+01 -0.502072E-01 -0.169922E+00
     299  0.103430E-01  0.333808E+01 -0.563154E-01 -0.112825E+00
     300  0.622438E+01  0.336406E+01  0.621786E+01 -0.406558E-01
     301  0.618968E+01  0.324209E+01 -0.441327E-01 -0.925587E-01
     302  0.618026E+01  0.308165E+01  0.584100E-02 -0.188423E+00
     303  0.615375E+01  0.301815E+01  0.270682E-01 -0.177994E+00
     304  0.611426E+01  0.306258E+01 -0.162567E-02 -0.424615E-01
     305  0.608812E+01  0.308227E+01 -0.405146E-01  0.664307E-01
     306  0.611212E+01  0.301490E+01 -0.202307E-01  0.767909E-01
     307  0.615960E+01  0.289115E+01  0.548896E-01  0.231582E-01
     308  0.620267E+01  0.283636E+01  0.143800E+00  0.295067E-01
     309  0.621120E+01  0.284891E+01  0.156405E+00  0.115733E+00
     310  0.621797E+01  0.288855E+01  0.893201E-01  0.195467E+00
     311  0.625312E+01  0.291465E+01  0.402289E-01  0.203038E+00
     312  0.447250E-01  0.296394E+01 -0.623092E+01  0.189214E+00
     313  0.108292E+00  0.300962E+01  0.814751E-01  0.150764E+00
     314  0.123823E+00  0.305593E+01  0.642846E-01  0.111440E+00
     315  0.966090E-01  0.309337E+01 -0.994218E-02  0.714831E-01
     316  0.711541E-01  0.313169E+01 -0.838333E-01  0.334302E-01
     317  0.827181E-01  0.317476E+01 -0.834439E-01  0.188127E-02
     318  0.107681E+00  0.323813E+01 -0.104850E-01  0.454767E-02
     319  0.100137E+00  0.330215E+01  0.524126E-01  0.272257E-01
     320  0.236787E-01  0.330772E+01 -0.624865E+01 -0.129230E-01
     321  0.621697E+01  0.329342E+01 -0.381759E-01 -0.100902E+00
     322  0.617495E+01  0.332222E+01 -0.990381E-01 -0.146632E+00
     323  0.619148E+01  0.344129E+01 -0.770990E-01 -0.101705E+00
     324  0.619445E+01  0.352855E+01 -0.439740E-02 -0.487733E-01
     325  0.615490E+01  0.347941E+01  0.328029E-01 -0.845966E-01
     326  0.609024E+01  0.330899E+01  0.267609E-01 -0.211196E+00
     327  0.606083E+01  0.318134E+01  0.160760E-01 -0.259314E+00
     328  0.609609E+01  0.317548E+01  0.406349E-01 -0.173449E+00
     329  0.617260E+01  0.320813E+01  0.105693E+00 -0.491427E-01
     330  0.621980E+01  0.313408E+01  0.125653E+00 -0.366219E-01
     331  0.623245E+01  0.303043E+01  0.738933E-01 -0.791592E-01
     332  0.623719E+01  0.302297E+01  0.150192E-03 -0.489511E-01
     333  0.627737E+01  0.306874E+01  0.625477E+01  0.420773E-01
     334  0.683322E-01  0.302967E+01  0.568717E-02  0.669437E-01
     335  0.123122E+00  0.290194E+01  0.486593E-01  0.153185E-01
     336  0.130556E+00  0.284988E+01  0.458071E-01  0.392940E-01
     337  0.120986E+00  0.289653E+01 -0.120169E-02  0.151705E+00
     338  0.126522E+00  0.292834E+01 -0.550768E-01  0.228338E+00
     339  0.148367E+00  0.285871E+01 -0.102990E+00  0.155327E+00
     340  0.183119E+00  0.287078E+01 -0.820362E-01  0.905627E-01
     341  0.170125E+00  0.299754E+01 -0.461571E-01  0.141964E+00
     342  0.109067E+00  0.312074E+01 -0.461888E-01  0.198797E+00
     343  0.245968E-01  0.313436E+01 -0.857612E-01  0.133636E+00
     344  0.627283E+01  0.312349E+01  0.619629E+01  0.377662E-01
     345  0.627218E+01  0.313615E+01  0.624619E+01 -0.234614E-01
     346  0.627294E+01  0.317366E+01  0.308995E-01 -0.411920E-01
     347  0.622248E+01  0.320690E+01  0.433978E-01 -0.474216E-01
     348  0.613690E+01  0.327654E+01  0.137070E-01 -0.270946E-01
     349  0.605910E+01  0.336574E+01 -0.323698E-01 -0.665740E-02
     350  0.604788E+01  0.341373E+01 -0.311031E-01 -0.350882E-01
     351  0.610272E+01  0.341841E+01  0.500327E-01 -0.102896E+00
     352  0.613767E+01  0.343945E+01  0.126410E+00 -0.145302E+00
     353  0.612193E+01  0.350523E+01  0.124937E+00 -0.152590E+00
     354  0.609192E+01  0.353258E+01  0.279087E-01 -0.159535E+00
     355  0.613002E+01  0.346340E+01 -0.180304E-01 -0.198848E+00
     356  0.622815E+01  0.336119E+01  0.294250E-01 -0.225537E+00
     357  0.489593E-01  0.330417E+01 -0.615473E+01 -0.190797E+00
     358  0.736693E-01  0.324942E+01 -0.614717E+01 -0.155989E+00
     359  0.545272E-01  0.318129E+01 -0.622309E+01 -0.154717E+00
     360  0.489076E-01  0.312029E+01 -0.127734E-01 -0.156608E+00
     361  0.109491E+00  0.311085E+01 -0.603175E-03 -0.898869E-01
     362  0.170347E+00  0.311523E+01  0.502705E-01  0.500290E-02
     363  0.179162E+00  0.304903E+01  0.576198E-01  0.268527E-01
     364  0.112005E+00  0.292175E+01 -0.427545E-01 -0.320436E-01
     365  0.470073E-01  0.288761E+01 -0.162472E+00 -0.157984E-01
     366  0.425328E-01  0.293260E+01 -0.182639E+00  0.100856E+00
     367  0.785200E-01  0.295808E+01 -0.748684E-01  0.172203E+00
     368  0.784533E-01  0.293987E+01  0.972650E-02  0.139509E+00
     369  0.128009E-01  0.296752E+01  0.824164E-02  0.105239E+00
     370  0.622480E+01  0.305593E+01 -0.431536E-01  0.104356E+00
     371  0.619825E+01  0.314719E+01 -0.688714E-01  0.996490E-01
     372  0.621867E+01  0.318689E+01 -0.248810E-01  0.509746E-01
     373  0.623444E+01  0.321636E+01  0.356196E-01  0.356677E-02
     374  0.622001E+01  0.328902E+01  0.550643E-01  0.492026E-02
     375  0.617989E+01  0.335737E+01  0.109412E-01 -0.237895E-02
     376  0.617350E+01  0.337453E+01 -0.346615E-01 -0.517834E-01
     377  0.621257E+01  0.335091E+01 -0.341680E-01 -0.140820E+00
     378  0.627872E+01  0.339363E+01  0.216297E-01 -0.173981E+00
     379  0.202124E-01  0.350200E+01 -0.621059E+01 -0.137458E+00
     380  0.628136E+01  0.362273E+01  0.873597E-01 -0.834968E-01
     381  0.624750E+01  0.366870E+01  0.484324E-01 -0.110076E+00
     382  0.627677E+01  0.363943E+01  0.123830E-01 -0.181548E+00
     383  0.663948E-01  0.354457E+01  0.163387E-01 -0.266365E+00
     384  0.129404E+00  0.344507E+01  0.317540E-01 -0.293075E+00
     385  0.120530E+00  0.335480E+01  0.810051E-02 -0.292416E+00
     386  0.664313E-01  0.333183E+01 -0.582653E-01 -0.223700E+00
     387  0.241498E-01  0.330460E+01 -0.101828E+00 -0.158529E+00
     388  0.448865E-01  0.323903E+01 -0.516778E-01 -0.138113E+00
     389  0.899060E-01  0.316032E+01  0.459756E-01 -0.143734E+00
     390  0.890964E-01  0.311677E+01  0.867764E-01 -0.105608E+00
     391  0.343476E-01  0.308516E+01  0.208465E-01 -0.469237E-01
     392  0.625010E+01  0.303430E+01  0.618731E+01 -0.245577E-01
     393  0.623319E+01  0.296645E+01  0.613861E+01 -0.235659E-01
     394  0.625847E+01  0.292429E+01  0.620397E+01  0.689910E-02
     395  0.630383E-02  0.296307E+01 -0.625238E+01  0.818442E-01
     396  0.625709E+01  0.298861E+01  0.724771E-01  0.122434E+00
     397  0.618304E+01  0.300404E+01  0.674459E-01  0.119728E+00
     398  0.611569E+01  0.302374E+01  0.187080E-01  0.633208E-01
     399  0.614195E+01  0.311034E+01  0.117575E-01  0.660177E-01
     400  0.621931E+01  0.320382E+01  0.601709E-01  0.836443E-01
     401  0.627125E+01  0.326885E+01  0.922555E-01  0.767739E-01
     402  0.624539E+01  0.324636E+01  0.232786E-01 -0.197467E-01
     403  0.619977E+01  0.324382E+01  0.619785E+01 -0.847649E-01
     404  0.620813E+01  0.329037E+01  0.615223E+01 -0.908847E-01
     405  0.131986E-01  0.338693E+01 -0.484779E-01 -0.665713E-01
     406  0.105189E+00  0.343724E+01 -0.616670E+01 -0.566758E-01
     407  0.102275E+00  0.339262E+01 -0.609647E+01 -0.100609E+00
     408  0.323386E-01  0.327964E+01 -0.612339E+01 -0.160305E+00
     409  0.626013E+01  0.318705E+01  0.449290E-01 -0.188877E+00
     410  0.309973E-02  0.317420E+01 -0.405925E-03 -0.149621E+00
     411  0.526705E-01  0.317069E+01  0.579332E-02 -0.737032E-01
     412  0.603537E-01  0.310714E+01  0.222326E-02 -0.482392E-01
     413  0.626766E+01  0.300124E+01  0.620484E+01 -0.701950E-01
     414  0.619350E+01  0.298083E+01  0.613253E+01 -0.176408E-01
     415  0.616070E+01  0.299415E+01  0.614761E+01  0.624364E-01
     416  0.621278E+01  0.298859E+01 -0.211084E-02  0.873989E-01
     417  0.626892E+01  0.295838E+01  0.142683E+00  0.507410E-01
     418  0.626327E+01  0.301822E+01  0.190268E+00  0.636277E-01
     419  0.620130E+01  0.312197E+01  0.864670E-01  0.960826E-01
     420  0.616623E+01  0.318265E+01 -0.300309E-01  0.123729E+00
     421  0.620362E+01  0.314555E+01 -0.568052E-01  0.434349E-01
     422  0.627830E+01  0.312951E+01  0.418361E-02 -0.511168E-01
     423  0.296507E-01  0.319043E+01 -0.621329E+01 -0.619746E-01
     424  0.626600E+01  0.330269E+01  0.531495E-01 -0.193792E-01
     425  0.621176E+01  0.339641E+01 -0.211104E-01  0.355593E-02
     426  0.622073E+01  0.343807E+01  0.621864E+01 -0.963770E-02
     427  0.396266E-01  0.343654E+01  0.607909E-02 -0.793360E-01
     428  0.117358E+00  0.341593E+01  0.104718E+00 -0.173265E+00
     429  0.115672E+00  0.345167E+01 -0.615319E+01 -0.208494E+00
     430  0.278420E-01  0.352913E+01 -0.419438E-02 -0.187370E+00
     431  0.628100E+01  0.355522E+01  0.616855E+01 -0.137276E+00
     432  0.388590E-01  0.344772E+01 -0.981944E-01 -0.165578E+00
     433  0.111645E+00  0.332137E+01  0.233751E-01 -0.216496E+00
     434  0.103747E+00  0.323977E+01  0.688818E-01 -0.225518E+00
     435  0.343129E-01  0.321071E+01  0.123121E-02 -0.164592E+00
     436  0.625240E+01  0.314536E+01  0.618833E+01 -0.143676E+00
     437  0.626722E+01  0.308109E+01  0.619684E+01 -0.116884E+00
     438  0.282115E-01  0.307012E+01  0.237287E-02 -0.493118E-01
     439  0.321779E-01  0.312176E+01 -0.622186E+01  0.693713E-01
     440  0.626208E+01  0.305734E+01  0.326064E-01  0.765456E-01
     441  0.620541E+01  0.288279E+01 -0.517683E-01 -0.278694E-01
     442  0.621905E+01  0.279837E+01  0.619136E+01 -0.597604E-01
     443  0.627208E+01  0.292208E+01  0.622984E+01  0.134655E+00
     444  0.357556E-01  0.300319E+01 -0.623841E+01  0.278683E+00
     445  0.160791E-02  0.293688E+01 -0.620380E+01  0.214233E+00
     446  0.623344E+01  0.288222E+01  0.422684E-01  0.798719E-01
     447  0.621094E+01  0.297152E+01 -0.174180E-01  0.864354E-01
     448  0.626542E+01  0.310164E+01  0.102058E-02  0.143840E+00
     449  0.349546E-01  0.315857E+01 -0.623573E+01  0.123299E+00
     450  0.446461E-01  0.320285E+01 -0.622752E+01  0.762259E-01
     451  0.627713E+01  0.324829E+01  0.626154E+01  0.345514E-01
     452  0.624475E+01  0.328364E+01  0.618927E+01 -0.694692E-02
     453  0.625540E+01  0.328620E+01  0.619494E+01 -0.779064E-01
     454  0.247804E-01  0.330371E+01  0.199627E-01 -0.109910E+00
     455  0.397322E-01  0.331386E+01 -0.617174E+01 -0.107124E+00
     456  0.627485E+01  0.330044E+01  0.115507E+00 -0.731938E-01
     457  0.621905E+01  0.322043E+01  0.257966E-01 -0.782407E-01
     458  0.621785E+01  0.315799E+01 -0.432473E-01 -0.857575E-01
     459  0.627632E+01  0.309807E+01  0.625480E+01 -0.824254E-01
     460  0.262291E-01  0.303031E+01  0.924926E-02 -0.708593E-01
     461  0.898834E-02  0.296270E+01 -0.626868E+01 -0.583309E-01
     462  0.623070E+01  0.297995E+01 -0.422259E-01  0.357064E-01
     463  0.622123E+01  0.301072E+01 -0.579495E-01  0.142198E+00
     464  0.625971E+01  0.294082E+01  0.529388E-02  0.144046E+00
     465  0.352981E-01  0.282611E+01 -0.615387E+01  0.582143E-01
     466  0.200176E-01  0.287914E+01 -0.610678E+01  0.780331E-01
     467  0.624377E+01  0.306554E+01  0.910937E-01  0.193998E+00
     468  0.619928E+01  0.314327E+01 -0.305211E-01  0.228009E+00
     469  0.622961E+01  0.308933E+01  0.622689E+01  0.105930E+00
     470  0.318835E-03  0.305954E+01  0.188776E-03 -0.140123E-01
     471  0.628033E+01  0.316353E+01  0.321818E-01  0.815167E-02
     472  0.622353E+01  0.326290E+01 -0.154576E-02  0.350210E-01
     473  0.617333E+01  0.330009E+01 -0.568296E-01 -0.456554E-02
     474  0.619805E+01  0.331099E+01 -0.360415E-01 -0.716686E-01
     475  0.625998E+01  0.340645E+01  0.602879E-01 -0.430749E-01
     476  0.139711E-01  0.346451E+01 -0.612855E+01 -0.327682E-01
     477  0.624488E+01  0.345016E+01  0.131217E+00 -0.113620E+00
     478  0.618566E+01  0.338057E+01  0.616124E-02 -0.233393E+00
     479  0.618611E+01  0.336604E+01 -0.782806E-01 -0.231927E+00
     480  0.626288E+01  0.335107E+01  0.624569E+01 -0.167268E+00
     481  0.236197E-01  0.333457E+01 -0.624736E+01 -0.968764E-01
     482  0.899291E-02  0.324128E+01 -0.623388E+01 -0.102318E+00
     483  0.623551E+01  0.311124E+01 -0.173535E-01 -0.139249E+00
     484  0.623357E+01  0.299573E+01 -0.487930E-01 -0.169444E+00
     485  0.263480E-02  0.298222E+01  0.996327E-03 -0.906996E-01
     486  0.783955E-01  0.303226E+01 -0.618184E+01  0.482560E-01
     487  0.918128E-01  0.304132E+01 -0.616246E+01  0.140808E+00
     488  0.517196E-01  0.296833E+01  0.216750E-01  0.108874E+00
     489  0.207162E-01  0.289008E+01 -0.949297E-01  0.125945E-01
     490  0.403863E-01  0.296237E+01 -0.125652E+00  0.280826E-01
     491  0.931607E-01  0.311483E+01 -0.429846E-01  0.106435E+00
     492  0.101134E+00  0.322381E+01  0.411163E-01  0.165341E+00
     493  0.493083E-01  0.319474E+01  0.455653E-01  0.707042E-01
     494  0.625969E+01  0.318910E+01  0.625286E+01 -0.244308E-01
     495  0.625259E+01  0.322885E+01  0.621661E+01 -0.620325E-01
     496  0.432082E-02  0.332542E+01 -0.331136E-01 -0.410376E-01
     497  0.294179E-01  0.334264E+01 -0.624503E+01 -0.824426E-01
     498  0.624986E+01  0.333467E+01  0.383456E-01 -0.130703E+00
     499  0.614963E+01  0.335862E+01  0.195993E-02 -0.143157E+00
     500  0.606055E+01  0.345816E+01 -0.162266E-01 -0.577682E-01
     501  0.607323E+01  0.343599E+01  0.586169E-01 -0.437166E-01
     502  0.612274E+01  0.327324E+01  0.148419E+00 -0.142425E+00
     503  0.614936E+01  0.309826E+01  0.158699E+00 -0.236625E+00
     504  0.612574E+01  0.307407E+01  0.694187E-01 -0.199762E+00
     505  0.609870E+01  0.317794E+01 -0.220308E-01 -0.337074E-01
     506  0.611561E+01  0.320257E+01 -0.485505E-01  0.682992E-01
     507  0.619052E+01  0.306933E+01  0.230599E-01  0.119714E-01
     508  0.626084E+01  0.292511E+01  0.129092E+00 -0.654438E-01
     509  0.114137E-01  0.290462E+01 -0.610322E+01 -0.132504E-01
     510  0.298350E-01  0.295123E+01 -0.614457E+01  0.943498E-01
     511  0.455201E-01  0.299959E+01 -0.621367E+01  0.159908E+00
     512  0.847218E-01  0.297921E+01  0.249830E-01  0.118131E+00
     513  0.121236E+00  0.300609E+01 -0.375615E-02  0.836919E-01
     514  0.146966E+00  0.306236E+01 -0.164256E-01  0.577652E-01
     515  0.134608E+00  0.316510E+01 -0.391633E-01  0.776035E-01
     516  0.105146E+00  0.322281E+01 -0.591726E-01  0.595424E-01
     517  0.663337E-01  0.325901E+01 -0.689368E-01  0.216534E-01
     518  0.512468E-01  0.326394E+01 -0.351996E-01 -0.419737E-01
     519  0.289854E-01  0.328804E+01  0.227332E-02 -0.693959E-01
     520  0.627780E+01  0.330799E+01  0.336582E-01 -0.833568E-01
     521  0.621171E+01  0.331456E+01  0.382528E-01 -0.936995E-01
     522  0.614045E+01  0.326180E+01  0.382467E-01 -0.132976E+00
     523  0.608119E+01  0.316767E+01  0.191428E-01 -0.164674E+00
     524  0.607085E+01  0.312086E+01  0.306730E-02 -0.119842E+00
     525  0.609634E+01  0.312934E+01  0.141562E-01 -0.214266E-01
     526  0.611798E+01  0.308447E+01  0.281816E-01  0.230257E-01
     527  0.613606E+01  0.293363E+01  0.340386E-01 -0.514691E-01
     528  0.614558E+01  0.284779E+01  0.148665E-01 -0.654175E-01
     529  0.619624E+01  0.290876E+01  0.296786E-01  0.676797E-01
     530  0.628090E+01  0.298767E+01  0.876919E-01  0.217949E+00
     531  0.895605E-01  0.288682E+01 -0.614961E+01  0.175340E+00
     532  0.137770E+00  0.281182E+01  0.103594E+00  0.879931E-01
     533  0.177349E+00  0.289364E+01  0.692657E-01  0.121164E+00
     534  0.197730E+00  0.305592E+01  0.172563E-01  0.231375E+00
     535  0.219667E+00  0.306541E+01 -0.189778E-01  0.173688E+00
     536  0.224479E+00  0.303207E+01 -0.344261E-01  0.512660E-01
     537  0.205849E+00  0.307550E+01 -0.435318E-01  0.137312E-03
     538  0.155172E+00  0.321120E+01 -0.673640E-01  0.536345E-01
     539  0.815417E-01  0.328588E+01 -0.973374E-01  0.642886E-01
     540  0.913582E-02  0.326812E+01 -0.107721E+00 -0.157803E-01
     541  0.624885E+01  0.324726E+01  0.620418E+01 -0.866868E-01
     542  0.621069E+01  0.327777E+01 -0.306239E-01 -0.802569E-01
     543  0.615915E+01  0.330300E+01 -0.112408E-02 -0.438228E-01
     544  0.611055E+01  0.322688E+01  0.111375E-01 -0.778588E-01
     545  0.607610E+01  0.310832E+01  0.158038E-01 -0.132888E+00
     546  0.608410E+01  0.301955E+01  0.319985E-01 -0.149248E+00
     547  0.611736E+01  0.303596E+01  0.555522E-01 -0.446049E-01
     548  0.616012E+01  0.305340E+01  0.762607E-01  0.603890E-01
     549  0.618884E+01  0.302392E+01  0.624558E-01  0.989082E-01
     550  0.622840E+01  0.293118E+01  0.391476E-01  0.325561E-01
     551  0.627933E+01  0.292338E+01  0.177455E-01  0.988507E-02
     552  0.756604E-01  0.299666E+01  0.299079E-01  0.531682E-01
     553  0.152002E+00  0.312069E+01  0.431915E-01  0.137525E+00
     554  0.201529E+00  0.317729E+01  0.406031E-01  0.140769E+00
     555  0.210208E+00  0.317750E+01  0.632843E-02  0.647270E-01
     556  0.212280E+00  0.316497E+01 -0.255647E-01 -0.343141E-01
     557  0.219765E+00  0.323192E+01 -0.340575E-01 -0.482907E-01
     558  0.222904E+00  0.334498E+01 -0.194863E-01 -0.108374E-01
     559  0.178422E+00  0.340627E+01 -0.273740E-01 -0.168795E-01
     560  0.953157E-01  0.340628E+01 -0.675115E-01 -0.798836E-01
     561  0.119961E-01  0.340636E+01 -0.101072E+00 -0.135760E+00
     562  0.623315E+01  0.344599E+01  0.619124E+01 -0.117959E+00
     563  0.619095E+01  0.341792E+01 -0.518322E-01 -0.118734E+00
     564  0.615780E+01  0.331492E+01 -0.137787E-01 -0.169646E+00
     565  0.612095E+01  0.318348E+01  0.540481E-02 -0.227147E+00
     566  0.608241E+01  0.316147E+01 -0.115855E-01 -0.161036E+00
     567  0.608269E+01  0.317622E+01 -0.104524E-01 -0.539419E-01
     568  0.611899E+01  0.313895E+01  0.309187E-01  0.420663E-02
     569  0.616821E+01  0.299308E+01  0.870073E-01 -0.579591E-01
     570  0.619546E+01  0.291946E+01  0.966818E-01 -0.599554E-01
     571  0.621966E+01  0.295308E+01  0.626797E-01  0.353567E-01
     572  0.626689E+01  0.301940E+01  0.341650E-01  0.153246E+00
     573  0.612562E-01  0.296911E+01  0.390482E-01  0.125688E+00
     574  0.130661E+00  0.293081E+01  0.400918E-01  0.548859E-01
     575  0.178554E+00  0.299873E+01  0.364146E-01  0.572280E-01
     576  0.179975E+00  0.311862E+01 -0.457730E-02  0.112060E+00
     577  0.166412E+00  0.317463E+01 -0.533462E-01  0.104656E+00
     578  0.162493E+00  0.318967E+01 -0.660957E-01  0.428361E-01
     579  0.174346E+00  0.323283E+01 -0.234784E-01  0.123821E-02
     580  0.155113E+00  0.329219E+01  0.972222E-02 -0.111001E-01
     581  0.916731E-01  0.333961E+01 -0.877832E-02 -0.243897E-01
     582  0.628146E+01  0.335186E+01  0.621221E+01 -0.824537E-01
     583  0.621088E+01  0.339388E+01  0.617161E+01 -0.111122E+00
     584  0.616968E+01  0.342033E+01 -0.923761E-01 -0.120438E+00
     585  0.613270E+01  0.341326E+01 -0.444417E-01 -0.114428E+00
     586  0.608992E+01  0.332507E+01 -0.137416E-01 -0.158268E+00
     587  0.604444E+01  0.326293E+01 -0.617942E-02 -0.150735E+00
     588  0.603482E+01  0.319016E+01  0.889335E-02 -0.134245E+00
     589  0.606617E+01  0.312491E+01  0.472626E-01 -0.108062E+00
     590  0.612440E+01  0.304989E+01  0.998180E-01 -0.896200E-01
     591  0.616664E+01  0.303812E+01  0.111407E+00 -0.173202E-01
     592  0.620474E+01  0.301877E+01  0.883083E-01  0.280314E-01
     593  0.623694E+01  0.299887E+01  0.423118E-01  0.456828E-01
     594  0.109275E-01  0.297378E+01 -0.626206E+01  0.333981E-01
     595  0.860732E-01  0.300543E+01  0.237756E-01  0.577996E-01
     596  0.163180E+00  0.306170E+01  0.317205E-01  0.893587E-01
     597  0.215968E+00  0.310140E+01  0.255060E-01  0.831247E-01
     598  0.229778E+00  0.312486E+01 -0.203729E-02  0.455968E-01
     599  0.209834E+00  0.317191E+01 -0.504369E-01  0.250021E-01
     600  0.194385E+00  0.325223E+01 -0.764083E-01  0.281097E-01
     601  0.184623E+00  0.329267E+01 -0.579010E-01 -0.533400E-02
     602  0.157009E+00  0.330471E+01 -0.265271E-01 -0.500621E-01
     603  0.957110E-01  0.331075E+01 -0.237401E-01 -0.819999E-01
     604  0.418493E-02  0.336067E+01 -0.448033E-01 -0.529338E-01
     605  0.618697E+01  0.333978E+01 -0.734357E-01 -0.658338E-01
     606  0.611662E+01  0.325912E+01 -0.742130E-01 -0.117504E+00
     607  0.608395E+01  0.315853E+01 -0.377241E-01 -0.175686E+00
     608  0.605852E+01  0.315330E+01  0.780511E-03 -0.118295E+00
     609  0.604135E+01  0.315049E+01  0.207356E-01 -0.370673E-01
     610  0.603568E+01  0.309948E+01  0.258703E-01  0.612241E-02
     611  0.606350E+01  0.298787E+01  0.427588E-01 -0.261847E-01
     612  0.611781E+01  0.293660E+01  0.690741E-01 -0.520678E-02
     613  0.619761E+01  0.292492E+01  0.107974E+00  0.439748E-01
     614  0.627723E+01  0.293720E+01  0.127663E+00  0.974671E-01
     615  0.618531E-01  0.294503E+01 -0.617253E+01  0.116766E+00
     616  0.109890E+00  0.298363E+01  0.749278E-01  0.133582E+00
     617  0.149852E+00  0.302732E+01  0.381640E-01  0.132065E+00
     618  0.186203E+00  0.304973E+01  0.124182E-01  0.891124E-01
     619  0.223161E+00  0.308951E+01  0.102162E-01  0.522471E-01
     620  0.237236E+00  0.316783E+01  0.270651E-02  0.493506E-01
     621  0.213752E+00  0.326193E+01 -0.337808E-01  0.676885E-01
     622  0.158313E+00  0.329588E+01 -0.953164E-01  0.228567E-01
     623  0.103661E+00  0.331970E+01 -0.128887E+00 -0.259067E-01
     624  0.604965E-01  0.332894E+01 -0.106581E+00 -0.706456E-01
     625  0.157925E-01  0.333684E+01 -0.666771E-01 -0.804314E-01
     626  0.623662E+01  0.328113E+01 -0.411568E-01 -0.122767E+00
     627  0.616136E+01  0.323230E+01 -0.420197E-01 -0.133792E+00
     628  0.610554E+01  0.318914E+01 -0.451320E-01 -0.111795E+00
     629  0.608203E+01  0.317192E+01 -0.281169E-01 -0.475242E-01
     630  0.609332E+01  0.309170E+01  0.216902E-01 -0.429084E-01
     631  0.610953E+01  0.299585E+01  0.675208E-01 -0.640737E-01
     632  0.612049E+01  0.293547E+01  0.783867E-01 -0.465993E-01
     633  0.612518E+01  0.296235E+01  0.396767E-01  0.522361E-01
     634  0.615973E+01  0.295980E+01  0.878102E-02  0.110166E+00
     635  0.622861E+01  0.291214E+01  0.116829E-01  0.952255E-01
     636  0.297988E-01  0.290838E+01  0.245020E-01  0.881724E-01
     637  0.106733E+00  0.299366E+01  0.407040E-01  0.129498E+00
     638  0.154929E+00  0.307972E+01  0.461008E-01  0.148065E+00
     639  0.167654E+00  0.309531E+01  0.219314E-01  0.810517E-01
     640  0.175023E+00  0.312557E+01 -0.407182E-02  0.266408E-01
     641  0.198028E+00  0.320965E+01 -0.591694E-02  0.287652E-01
     642  0.226554E+00  0.331371E+01  0.141589E-01  0.572860E-01
     643  0.213469E+00  0.332894E+01  0.949256E-03 -0.686773E-02
     644  0.153309E+00  0.332926E+01 -0.664882E-01 -0.827202E-01
     645  0.832814E-01  0.337139E+01 -0.140097E+00 -0.117264E+00
     646  0.281823E-01  0.347447E+01 -0.148367E+00 -0.743081E-01
     647  0.626489E+01  0.346891E+01  0.617442E+01 -0.847473E-01
     648  0.621420E+01  0.337079E+01  0.620867E+01 -0.161745E+00
     649  0.615794E+01  0.326392E+01 -0.516630E-01 -0.231060E+00
     650  0.611007E+01  0.324277E+01 -0.397518E-01 -0.186546E+00
     651  0.610159E+01  0.322347E+01 -0.131958E-01 -0.121258E+00
     652  0.612696E+01  0.317371E+01  0.371976E-01 -0.827650E-01
     653  0.616059E+01  0.310268E+01  0.834118E-01 -0.651143E-01
     654  0.617706E+01  0.304947E+01  0.801817E-01 -0.313420E-01
     655  0.619040E+01  0.299168E+01  0.388908E-01 -0.179186E-01
     656  0.622350E+01  0.293908E+01  0.353653E-02 -0.161856E-01
     657  0.628082E+01  0.294066E+01  0.338731E-02  0.332959E-01
     658  0.577667E-01  0.295138E+01  0.174001E-01  0.104273E+00
     659  0.105895E+00  0.292079E+01  0.250513E-01  0.138060E+00
     660  0.142407E+00  0.284200E+01  0.668851E-02  0.108781E+00
     661  0.170775E+00  0.286239E+01 -0.367706E-01  0.137325E+00
     662  0.196199E+00  0.295533E+01 -0.711211E-01  0.188542E+00
     663  0.206700E+00  0.303735E+01 -0.666569E-01  0.189746E+00
     664  0.190161E+00  0.303944E+01 -0.481909E-01  0.107212E+00
     665  0.156543E+00  0.309073E+01 -0.407767E-01  0.770395E-01
     666  0.117807E+00  0.318701E+01 -0.362454E-01  0.878365E-01
     667  0.711047E-01  0.327167E+01 -0.414164E-01  0.893026E-01
     668  0.135028E-01  0.325267E+01 -0.609162E-01 -0.136804E-01
     669  0.622977E+01  0.324641E+01  0.619558E+01 -0.102036E+00
     670  0.616633E+01  0.331376E+01 -0.975951E-01 -0.857033E-01
     671  0.611351E+01  0.338892E+01 -0.758842E-01 -0.125110E-01
     672  0.607807E+01  0.333574E+01 -0.290097E-01 -0.402285E-01
     673  0.605805E+01  0.320772E+01  0.228171E-01 -0.144289E+00
     674  0.604983E+01  0.313324E+01  0.763829E-01 -0.179521E+00
     675  0.605484E+01  0.312898E+01  0.932956E-01 -0.108769E+00
     676  0.608768E+01  0.312707E+01  0.883232E-01 -0.275651E-01
     677  0.614699E+01  0.307343E+01  0.880696E-01 -0.157663E-01
     678  0.621114E+01  0.302779E+01  0.786476E-01 -0.128531E-01
     679  0.626440E+01  0.299901E+01  0.495616E-01 -0.475184E-02
     680  0.226817E-01  0.300173E+01  0.124832E-01  0.262920E-01
     681  0.700490E-01  0.298782E+01 -0.987213E-02  0.354606E-01
     682  0.139642E+00  0.299798E+01 -0.108008E-01  0.646602E-01
     683  0.214460E+00  0.300407E+01 -0.803384E-02  0.829293E-01
     684  0.263885E+00  0.303178E+01 -0.299260E-01  0.999735E-01
     685  0.273044E+00  0.305024E+01 -0.743065E-01  0.691129E-01
     686  0.253891E+00  0.311303E+01 -0.994876E-01  0.500829E-01
     687  0.217215E+00  0.316787E+01 -0.913777E-01  0.277715E-01
     688  0.176126E+00  0.321098E+01 -0.627490E-01  0.160598E-01
     689  0.116526E+00  0.323083E+01 -0.426506E-01 -0.634389E-02
     690  0.368972E-01  0.326437E+01 -0.524829E-01 -0.542648E-02
     691  0.623394E+01  0.327346E+01  0.621411E+01 -0.240728E-01
     692  0.615501E+01  0.324293E+01 -0.790783E-01 -0.742933E-01
     693  0.609620E+01  0.319796E+01 -0.595209E-01 -0.126086E+00
     694  0.605385E+01  0.318928E+01 -0.250710E-01 -0.114371E+00
     695  0.602127E+01  0.320395E+01  0.633444E-02 -0.454372E-01
     696  0.601211E+01  0.315809E+01  0.349865E-01 -0.178106E-01
     697  0.603121E+01  0.304917E+01  0.633239E-01 -0.509438E-01
     698  0.608223E+01  0.294432E+01  0.927144E-01 -0.799863E-01
     699  0.614494E+01  0.294875E+01  0.104956E+00 -0.591213E-02
     700  0.622567E+01  0.296478E+01  0.119133E+00  0.678694E-01
     701  0.124260E-01  0.296448E+01 -0.617474E+01  0.101074E+00
     702  0.585857E-01  0.293867E+01 -0.621538E+01  0.725669E-01
     703  0.936147E-01  0.298865E+01  0.182326E-01  0.898859E-01
     704  0.140824E+00  0.304709E+01 -0.714145E-02  0.996815E-01
     705  0.198317E+00  0.309969E+01  0.126597E-01  0.903852E-01
     706  0.230044E+00  0.311997E+01  0.356532E-01  0.364598E-01
     707  0.228503E+00  0.318790E+01  0.250230E-01  0.263297E-01
     708  0.196707E+00  0.325082E+01 -0.334321E-01  0.176940E-01
     709  0.160607E+00  0.330252E+01 -0.996474E-01 -0.918799E-03
     710  0.126356E+00  0.331732E+01 -0.129238E+00 -0.596436E-01
     711  0.818035E-01  0.332953E+01 -0.110032E+00 -0.959611E-01
     712  0.151234E-01  0.332034E+01 -0.907182E-01 -0.112241E+00
     713  0.622500E+01  0.329563E+01  0.620217E+01 -0.110788E+00
     714  0.616788E+01  0.325150E+01 -0.636325E-01 -0.106122E+00
     715  0.614257E+01  0.319137E+01 -0.233384E-01 -0.105486E+00
     716  0.613195E+01  0.311285E+01  0.207848E-01 -0.116067E+00
     717  0.611886E+01  0.303147E+01  0.390913E-01 -0.119292E+00
     718  0.611042E+01  0.299878E+01  0.283570E-01 -0.615459E-01
     719  0.612694E+01  0.299894E+01  0.206365E-01  0.247169E-01
     720  0.616899E+01  0.299937E+01  0.345007E-01  0.101606E+00
     721  0.621896E+01  0.291932E+01  0.488695E-01  0.898400E-01
     722  0.625936E+01  0.285783E+01  0.318231E-01  0.735943E-01
     723  0.207667E-01  0.287401E+01  0.355251E-02  0.990705E-01
     724  0.847036E-01  0.297304E+01 -0.115637E-02  0.174062E+00
     725  0.141466E+00  0.302826E+01  0.127338E-01  0.170158E+00
     726  0.175034E+00  0.306874E+01  0.338367E-01  0.121105E+00
     727  0.179980E+00  0.311450E+01  0.301185E-01  0.760407E-01
     728  0.178851E+00  0.320298E+01  0.691164E-02  0.723128E-01
     729  0.177856E+00  0.325270E+01 -0.211693E-01  0.341076E-01
     730  0.170626E+00  0.327444E+01 -0.425041E-01 -0.248576E-01
     731  0.136644E+00  0.330158E+01 -0.669640E-01 -0.728057E-01
     732  0.752288E-01  0.337087E+01 -0.880720E-01 -0.688899E-01
     733  0.827124E-03  0.340829E+01 -0.983812E-01 -0.598819E-01
     734  0.621992E+01  0.336605E+01  0.620017E+01 -0.966498E-01
     735  0.617795E+01  0.327766E+01 -0.414641E-01 -0.161000E+00
     736  0.614385E+01  0.321717E+01  0.365169E-03 -0.173796E+00
     737  0.611127E+01  0.320366E+01  0.150540E-01 -0.110358E+00
     738  0.609174E+01  0.315923E+01  0.610213E-02 -0.629489E-01
     739  0.609843E+01  0.308046E+01  0.544432E-02 -0.552927E-01
     740  0.612745E+01  0.298997E+01  0.262255E-01 -0.667479E-01
     741  0.617337E+01  0.296216E+01  0.646881E-01 -0.234987E-01
     742  0.621563E+01  0.294157E+01  0.866990E-01  0.229201E-01
     743  0.624893E+01  0.295454E+01  0.717907E-01  0.883774E-01
     744  0.482323E-03  0.296387E+01 -0.624881E+01  0.123779E+00
     745  0.589496E-01  0.298595E+01  0.214008E-01  0.134289E+00
     746  0.124982E+00  0.298913E+01  0.391277E-01  0.878506E-01
     747  0.174842E+00  0.304264E+01  0.586401E-01  0.645043E-01
     748  0.185602E+00  0.311549E+01  0.350611E-01  0.551960E-01
     749  0.168601E+00  0.319936E+01 -0.291640E-01  0.629294E-01
     750  0.143178E+00  0.325402E+01 -0.923935E-01  0.483720E-01
     751  0.137314E+00  0.330784E+01 -0.959881E-01  0.227134E-01
     752  0.134526E+00  0.333920E+01 -0.428178E-01 -0.126521E-01
     753  0.943215E-01  0.333598E+01 -0.748731E-02 -0.608394E-01
     754  0.171423E-01  0.329725E+01 -0.168180E-01 -0.129597E+00
     755  0.621562E+01  0.327742E+01 -0.300933E-01 -0.162185E+00
     756  0.615364E+01  0.328473E+01 -0.280115E-01 -0.122095E+00
     757  0.612181E+01  0.325841E+01 -0.191986E-01 -0.732824E-01
     758  0.611026E+01  0.316203E+01 -0.574264E-03 -0.779758E-01
     759  0.609889E+01  0.302756E+01  0.974788E-02 -0.125286E+00
     760  0.608986E+01  0.297826E+01  0.866597E-02 -0.899974E-01
     761  0.609822E+01  0.298697E+01  0.132320E-01  0.134277E-01
     762  0.613586E+01  0.297550E+01  0.429156E-01  0.934018E-01
     763  0.619493E+01  0.287887E+01  0.858602E-01  0.719042E-01
     764  0.625568E+01  0.282917E+01  0.997999E-01  0.795180E-01
     765  0.181642E-01  0.287784E+01 -0.621178E+01  0.144487E+00
     766  0.537282E-01  0.296484E+01  0.219509E-01  0.214220E+00
     767  0.950409E-01  0.297667E+01 -0.294208E-02  0.169146E+00
     768  0.136677E+00  0.299492E+01  0.112172E-01  0.100891E+00
     769  0.162641E+00  0.306531E+01  0.338056E-01  0.797842E-01
     770  0.165694E+00  0.317566E+01  0.299845E-01  0.987446E-01
     771  0.146917E+00  0.322612E+01 -0.116014E-01  0.609933E-01
     772  0.118310E+00  0.322658E+01 -0.664230E-01 -0.276836E-01
     773  0.952310E-01  0.325535E+01 -0.905662E-01 -0.789646E-01
     774  0.718164E-01  0.333643E+01 -0.695992E-01 -0.558070E-01
     775  0.280550E-01  0.338048E+01 -0.393842E-01 -0.253459E-01
     776  0.623862E+01  0.332211E+01 -0.386983E-01 -0.722096E-01
     777  0.616338E+01  0.321584E+01 -0.436706E-01 -0.154201E+00
     778  0.610757E+01  0.313204E+01 -0.428892E-01 -0.194250E+00
     779  0.608985E+01  0.311613E+01 -0.163667E-01 -0.134673E+00
     780  0.610046E+01  0.311394E+01  0.240587E-01 -0.500736E-01
     781  0.611996E+01  0.309268E+01  0.588234E-01  0.155548E-01
