&CPMD
  OPTIMIZE WAVEFUNCTION
  MAXSTEP
     100000
  ODIIS
    15
  MAXCPUTIME
   3600
&END

&SYSTEM
  SYMMETRY
    1
  CELL
    41.0448561508 1.0 1.0 0.0 0.0 0.0
  CUTOFF
    20
  DUAL
     3
  TESR
    2 2 2
  SCALED
&END

&ATOMS
*SI_SGS   KLEINMAN-BYLANDER  RAGGIO=1.0
  LMAX=P LOC=P
      512
    0.0000    0.0000    0.0000
    0.0000    0.1250    0.1250
    0.1250    0.0000    0.1250
    0.1250    0.1250    0.0000
    0.0625    0.0625    0.0625
    0.0625    0.1875    0.1875
    0.1875    0.0625    0.1875
    0.1875    0.1875    0.0625
    0.2500    0.0000    0.0000
    0.2500    0.1250    0.1250
    0.3750    0.0000    0.1250
    0.3750    0.1250    0.0000
    0.3125    0.0625    0.0625
    0.3125    0.1875    0.1875
    0.4375    0.0625    0.1875
    0.4375    0.1875    0.0625
    0.5000    0.0000    0.0000
    0.5000    0.1250    0.1250
    0.6250    0.0000    0.1250
    0.6250    0.1250    0.0000
    0.5625    0.0625    0.0625
    0.5625    0.1875    0.1875
    0.6875    0.0625    0.1875
    0.6875    0.1875    0.0625
    0.7500    0.0000    0.0000
    0.7500    0.1250    0.1250
    0.8750    0.0000    0.1250
    0.8750    0.1250    0.0000
    0.8125    0.0625    0.0625
    0.8125    0.1875    0.1875
    0.9375    0.0625    0.1875
    0.9375    0.1875    0.0625
    0.0000    0.2500    0.0000
    0.0000    0.3750    0.1250
    0.1250    0.2500    0.1250
    0.1250    0.3750    0.0000
    0.0625    0.3125    0.0625
    0.0625    0.4375    0.1875
    0.1875    0.3125    0.1875
    0.1875    0.4375    0.0625
    0.2500    0.2500    0.0000
    0.2500    0.3750    0.1250
    0.3750    0.2500    0.1250
    0.3750    0.3750    0.0000
    0.3125    0.3125    0.0625
    0.3125    0.4375    0.1875
    0.4375    0.3125    0.1875
    0.4375    0.4375    0.0625
    0.5000    0.2500    0.0000
    0.5000    0.3750    0.1250
    0.6250    0.2500    0.1250
    0.6250    0.3750    0.0000
    0.5625    0.3125    0.0625
    0.5625    0.4375    0.1875
    0.6875    0.3125    0.1875
    0.6875    0.4375    0.0625
    0.7500    0.2500    0.0000
    0.7500    0.3750    0.1250
    0.8750    0.2500    0.1250
    0.8750    0.3750    0.0000
    0.8125    0.3125    0.0625
    0.8125    0.4375    0.1875
    0.9375    0.3125    0.1875
    0.9375    0.4375    0.0625
    0.0000    0.5000    0.0000
    0.0000    0.6250    0.1250
    0.1250    0.5000    0.1250
    0.1250    0.6250    0.0000
    0.0625    0.5625    0.0625
    0.0625    0.6875    0.1875
    0.1875    0.5625    0.1875
    0.1875    0.6875    0.0625
    0.2500    0.5000    0.0000
    0.2500    0.6250    0.1250
    0.3750    0.5000    0.1250
    0.3750    0.6250    0.0000
    0.3125    0.5625    0.0625
    0.3125    0.6875    0.1875
    0.4375    0.5625    0.1875
    0.4375    0.6875    0.0625
    0.5000    0.5000    0.0000
    0.5000    0.6250    0.1250
    0.6250    0.5000    0.1250
    0.6250    0.6250    0.0000
    0.5625    0.5625    0.0625
    0.5625    0.6875    0.1875
    0.6875    0.5625    0.1875
    0.6875    0.6875    0.0625
    0.7500    0.5000    0.0000
    0.7500    0.6250    0.1250
    0.8750    0.5000    0.1250
    0.8750    0.6250    0.0000
    0.8125    0.5625    0.0625
    0.8125    0.6875    0.1875
    0.9375    0.5625    0.1875
    0.9375    0.6875    0.0625
    0.0000    0.7500    0.0000
    0.0000    0.8750    0.1250
    0.1250    0.7500    0.1250
    0.1250    0.8750    0.0000
    0.0625    0.8125    0.0625
    0.0625    0.9375    0.1875
    0.1875    0.8125    0.1875
    0.1875    0.9375    0.0625
    0.2500    0.7500    0.0000
    0.2500    0.8750    0.1250
    0.3750    0.7500    0.1250
    0.3750    0.8750    0.0000
    0.3125    0.8125    0.0625
    0.3125    0.9375    0.1875
    0.4375    0.8125    0.1875
    0.4375    0.9375    0.0625
    0.5000    0.7500    0.0000
    0.5000    0.8750    0.1250
    0.6250    0.7500    0.1250
    0.6250    0.8750    0.0000
    0.5625    0.8125    0.0625
    0.5625    0.9375    0.1875
    0.6875    0.8125    0.1875
    0.6875    0.9375    0.0625
    0.7500    0.7500    0.0000
    0.7500    0.8750    0.1250
    0.8750    0.7500    0.1250
    0.8750    0.8750    0.0000
    0.8125    0.8125    0.0625
    0.8125    0.9375    0.1875
    0.9375    0.8125    0.1875
    0.9375    0.9375    0.0625
    0.0000    0.0000    0.2500
    0.0000    0.1250    0.3750
    0.1250    0.0000    0.3750
    0.1250    0.1250    0.2500
    0.0625    0.0625    0.3125
    0.0625    0.1875    0.4375
    0.1875    0.0625    0.4375
    0.1875    0.1875    0.3125
    0.2500    0.0000    0.2500
    0.2500    0.1250    0.3750
    0.3750    0.0000    0.3750
    0.3750    0.1250    0.2500
    0.3125    0.0625    0.3125
    0.3125    0.1875    0.4375
    0.4375    0.0625    0.4375
    0.4375    0.1875    0.3125
    0.5000    0.0000    0.2500
    0.5000    0.1250    0.3750
    0.6250    0.0000    0.3750
    0.6250    0.1250    0.2500
    0.5625    0.0625    0.3125
    0.5625    0.1875    0.4375
    0.6875    0.0625    0.4375
    0.6875    0.1875    0.3125
    0.7500    0.0000    0.2500
    0.7500    0.1250    0.3750
    0.8750    0.0000    0.3750
    0.8750    0.1250    0.2500
    0.8125    0.0625    0.3125
    0.8125    0.1875    0.4375
    0.9375    0.0625    0.4375
    0.9375    0.1875    0.3125
    0.0000    0.2500    0.2500
    0.0000    0.3750    0.3750
    0.1250    0.2500    0.3750
    0.1250    0.3750    0.2500
    0.0625    0.3125    0.3125
    0.0625    0.4375    0.4375
    0.1875    0.3125    0.4375
    0.1875    0.4375    0.3125
    0.2500    0.2500    0.2500
    0.2500    0.3750    0.3750
    0.3750    0.2500    0.3750
    0.3750    0.3750    0.2500
    0.3125    0.3125    0.3125
    0.3125    0.4375    0.4375
    0.4375    0.3125    0.4375
    0.4375    0.4375    0.3125
    0.5000    0.2500    0.2500
    0.5000    0.3750    0.3750
    0.6250    0.2500    0.3750
    0.6250    0.3750    0.2500
    0.5625    0.3125    0.3125
    0.5625    0.4375    0.4375
    0.6875    0.3125    0.4375
    0.6875    0.4375    0.3125
    0.7500    0.2500    0.2500
    0.7500    0.3750    0.3750
    0.8750    0.2500    0.3750
    0.8750    0.3750    0.2500
    0.8125    0.3125    0.3125
    0.8125    0.4375    0.4375
    0.9375    0.3125    0.4375
    0.9375    0.4375    0.3125
    0.0000    0.5000    0.2500
    0.0000    0.6250    0.3750
    0.1250    0.5000    0.3750
    0.1250    0.6250    0.2500
    0.0625    0.5625    0.3125
    0.0625    0.6875    0.4375
    0.1875    0.5625    0.4375
    0.1875    0.6875    0.3125
    0.2500    0.5000    0.2500
    0.2500    0.6250    0.3750
    0.3750    0.5000    0.3750
    0.3750    0.6250    0.2500
    0.3125    0.5625    0.3125
    0.3125    0.6875    0.4375
    0.4375    0.5625    0.4375
    0.4375    0.6875    0.3125
    0.5000    0.5000    0.2500
    0.5000    0.6250    0.3750
    0.6250    0.5000    0.3750
    0.6250    0.6250    0.2500
    0.5625    0.5625    0.3125
    0.5625    0.6875    0.4375
    0.6875    0.5625    0.4375
    0.6875    0.6875    0.3125
    0.7500    0.5000    0.2500
    0.7500    0.6250    0.3750
    0.8750    0.5000    0.3750
    0.8750    0.6250    0.2500
    0.8125    0.5625    0.3125
    0.8125    0.6875    0.4375
    0.9375    0.5625    0.4375
    0.9375    0.6875    0.3125
    0.0000    0.7500    0.2500
    0.0000    0.8750    0.3750
    0.1250    0.7500    0.3750
    0.1250    0.8750    0.2500
    0.0625    0.8125    0.3125
    0.0625    0.9375    0.4375
    0.1875    0.8125    0.4375
    0.1875    0.9375    0.3125
    0.2500    0.7500    0.2500
    0.2500    0.8750    0.3750
    0.3750    0.7500    0.3750
    0.3750    0.8750    0.2500
    0.3125    0.8125    0.3125
    0.3125    0.9375    0.4375
    0.4375    0.8125    0.4375
    0.4375    0.9375    0.3125
    0.5000    0.7500    0.2500
    0.5000    0.8750    0.3750
    0.6250    0.7500    0.3750
    0.6250    0.8750    0.2500
    0.5625    0.8125    0.3125
    0.5625    0.9375    0.4375
    0.6875    0.8125    0.4375
    0.6875    0.9375    0.3125
    0.7500    0.7500    0.2500
    0.7500    0.8750    0.3750
    0.8750    0.7500    0.3750
    0.8750    0.8750    0.2500
    0.8125    0.8125    0.3125
    0.8125    0.9375    0.4375
    0.9375    0.8125    0.4375
    0.9375    0.9375    0.3125
    0.0000    0.0000    0.5000
    0.0000    0.1250    0.6250
    0.1250    0.0000    0.6250
    0.1250    0.1250    0.5000
    0.0625    0.0625    0.5625
    0.0625    0.1875    0.6875
    0.1875    0.0625    0.6875
    0.1875    0.1875    0.5625
    0.2500    0.0000    0.5000
    0.2500    0.1250    0.6250
    0.3750    0.0000    0.6250
    0.3750    0.1250    0.5000
    0.3125    0.0625    0.5625
    0.3125    0.1875    0.6875
    0.4375    0.0625    0.6875
    0.4375    0.1875    0.5625
    0.5000    0.0000    0.5000
    0.5000    0.1250    0.6250
    0.6250    0.0000    0.6250
    0.6250    0.1250    0.5000
    0.5625    0.0625    0.5625
    0.5625    0.1875    0.6875
    0.6875    0.0625    0.6875
    0.6875    0.1875    0.5625
    0.7500    0.0000    0.5000
    0.7500    0.1250    0.6250
    0.8750    0.0000    0.6250
    0.8750    0.1250    0.5000
    0.8125    0.0625    0.5625
    0.8125    0.1875    0.6875
    0.9375    0.0625    0.6875
    0.9375    0.1875    0.5625
    0.0000    0.2500    0.5000
    0.0000    0.3750    0.6250
    0.1250    0.2500    0.6250
    0.1250    0.3750    0.5000
    0.0625    0.3125    0.5625
    0.0625    0.4375    0.6875
    0.1875    0.3125    0.6875
    0.1875    0.4375    0.5625
    0.2500    0.2500    0.5000
    0.2500    0.3750    0.6250
    0.3750    0.2500    0.6250
    0.3750    0.3750    0.5000
    0.3125    0.3125    0.5625
    0.3125    0.4375    0.6875
    0.4375    0.3125    0.6875
    0.4375    0.4375    0.5625
    0.5000    0.2500    0.5000
    0.5000    0.3750    0.6250
    0.6250    0.2500    0.6250
    0.6250    0.3750    0.5000
    0.5625    0.3125    0.5625
    0.5625    0.4375    0.6875
    0.6875    0.3125    0.6875
    0.6875    0.4375    0.5625
    0.7500    0.2500    0.5000
    0.7500    0.3750    0.6250
    0.8750    0.2500    0.6250
    0.8750    0.3750    0.5000
    0.8125    0.3125    0.5625
    0.8125    0.4375    0.6875
    0.9375    0.3125    0.6875
    0.9375    0.4375    0.5625
    0.0000    0.5000    0.5000
    0.0000    0.6250    0.6250
    0.1250    0.5000    0.6250
    0.1250    0.6250    0.5000
    0.0625    0.5625    0.5625
    0.0625    0.6875    0.6875
    0.1875    0.5625    0.6875
    0.1875    0.6875    0.5625
    0.2500    0.5000    0.5000
    0.2500    0.6250    0.6250
    0.3750    0.5000    0.6250
    0.3750    0.6250    0.5000
    0.3125    0.5625    0.5625
    0.3125    0.6875    0.6875
    0.4375    0.5625    0.6875
    0.4375    0.6875    0.5625
    0.5000    0.5000    0.5000
    0.5000    0.6250    0.6250
    0.6250    0.5000    0.6250
    0.6250    0.6250    0.5000
    0.5625    0.5625    0.5625
    0.5625    0.6875    0.6875
    0.6875    0.5625    0.6875
    0.6875    0.6875    0.5625
    0.7500    0.5000    0.5000
    0.7500    0.6250    0.6250
    0.8750    0.5000    0.6250
    0.8750    0.6250    0.5000
    0.8125    0.5625    0.5625
    0.8125    0.6875    0.6875
    0.9375    0.5625    0.6875
    0.9375    0.6875    0.5625
    0.0000    0.7500    0.5000
    0.0000    0.8750    0.6250
    0.1250    0.7500    0.6250
    0.1250    0.8750    0.5000
    0.0625    0.8125    0.5625
    0.0625    0.9375    0.6875
    0.1875    0.8125    0.6875
    0.1875    0.9375    0.5625
    0.2500    0.7500    0.5000
    0.2500    0.8750    0.6250
    0.3750    0.7500    0.6250
    0.3750    0.8750    0.5000
    0.3125    0.8125    0.5625
    0.3125    0.9375    0.6875
    0.4375    0.8125    0.6875
    0.4375    0.9375    0.5625
    0.5000    0.7500    0.5000
    0.5000    0.8750    0.6250
    0.6250    0.7500    0.6250
    0.6250    0.8750    0.5000
    0.5625    0.8125    0.5625
    0.5625    0.9375    0.6875
    0.6875    0.8125    0.6875
    0.6875    0.9375    0.5625
    0.7500    0.7500    0.5000
    0.7500    0.8750    0.6250
    0.8750    0.7500    0.6250
    0.8750    0.8750    0.5000
    0.8125    0.8125    0.5625
    0.8125    0.9375    0.6875
    0.9375    0.8125    0.6875
    0.9375    0.9375    0.5625
    0.0000    0.0000    0.7500
    0.0000    0.1250    0.8750
    0.1250    0.0000    0.8750
    0.1250    0.1250    0.7500
    0.0625    0.0625    0.8125
    0.0625    0.1875    0.9375
    0.1875    0.0625    0.9375
    0.1875    0.1875    0.8125
    0.2500    0.0000    0.7500
    0.2500    0.1250    0.8750
    0.3750    0.0000    0.8750
    0.3750    0.1250    0.7500
    0.3125    0.0625    0.8125
    0.3125    0.1875    0.9375
    0.4375    0.0625    0.9375
    0.4375    0.1875    0.8125
    0.5000    0.0000    0.7500
    0.5000    0.1250    0.8750
    0.6250    0.0000    0.8750
    0.6250    0.1250    0.7500
    0.5625    0.0625    0.8125
    0.5625    0.1875    0.9375
    0.6875    0.0625    0.9375
    0.6875    0.1875    0.8125
    0.7500    0.0000    0.7500
    0.7500    0.1250    0.8750
    0.8750    0.0000    0.8750
    0.8750    0.1250    0.7500
    0.8125    0.0625    0.8125
    0.8125    0.1875    0.9375
    0.9375    0.0625    0.9375
    0.9375    0.1875    0.8125
    0.0000    0.2500    0.7500
    0.0000    0.3750    0.8750
    0.1250    0.2500    0.8750
    0.1250    0.3750    0.7500
    0.0625    0.3125    0.8125
    0.0625    0.4375    0.9375
    0.1875    0.3125    0.9375
    0.1875    0.4375    0.8125
    0.2500    0.2500    0.7500
    0.2500    0.3750    0.8750
    0.3750    0.2500    0.8750
    0.3750    0.3750    0.7500
    0.3125    0.3125    0.8125
    0.3125    0.4375    0.9375
    0.4375    0.3125    0.9375
    0.4375    0.4375    0.8125
    0.5000    0.2500    0.7500
    0.5000    0.3750    0.8750
    0.6250    0.2500    0.8750
    0.6250    0.3750    0.7500
    0.5625    0.3125    0.8125
    0.5625    0.4375    0.9375
    0.6875    0.3125    0.9375
    0.6875    0.4375    0.8125
    0.7500    0.2500    0.7500
    0.7500    0.3750    0.8750
    0.8750    0.2500    0.8750
    0.8750    0.3750    0.7500
    0.8125    0.3125    0.8125
    0.8125    0.4375    0.9375
    0.9375    0.3125    0.9375
    0.9375    0.4375    0.8125
    0.0000    0.5000    0.7500
    0.0000    0.6250    0.8750
    0.1250    0.5000    0.8750
    0.1250    0.6250    0.7500
    0.0625    0.5625    0.8125
    0.0625    0.6875    0.9375
    0.1875    0.5625    0.9375
    0.1875    0.6875    0.8125
    0.2500    0.5000    0.7500
    0.2500    0.6250    0.8750
    0.3750    0.5000    0.8750
    0.3750    0.6250    0.7500
    0.3125    0.5625    0.8125
    0.3125    0.6875    0.9375
    0.4375    0.5625    0.9375
    0.4375    0.6875    0.8125
    0.5000    0.5000    0.7500
    0.5000    0.6250    0.8750
    0.6250    0.5000    0.8750
    0.6250    0.6250    0.7500
    0.5625    0.5625    0.8125
    0.5625    0.6875    0.9375
    0.6875    0.5625    0.9375
    0.6875    0.6875    0.8125
    0.7500    0.5000    0.7500
    0.7500    0.6250    0.8750
    0.8750    0.5000    0.8750
    0.8750    0.6250    0.7500
    0.8125    0.5625    0.8125
    0.8125    0.6875    0.9375
    0.9375    0.5625    0.9375
    0.9375    0.6875    0.8125
    0.0000    0.7500    0.7500
    0.0000    0.8750    0.8750
    0.1250    0.7500    0.8750
    0.1250    0.8750    0.7500
    0.0625    0.8125    0.8125
    0.0625    0.9375    0.9375
    0.1875    0.8125    0.9375
    0.1875    0.9375    0.8125
    0.2500    0.7500    0.7500
    0.2500    0.8750    0.8750
    0.3750    0.7500    0.8750
    0.3750    0.8750    0.7500
    0.3125    0.8125    0.8125
    0.3125    0.9375    0.9375
    0.4375    0.8125    0.9375
    0.4375    0.9375    0.8125
    0.5000    0.7500    0.7500
    0.5000    0.8750    0.8750
    0.6250    0.7500    0.8750
    0.6250    0.8750    0.7500
    0.5625    0.8125    0.8125
    0.5625    0.9375    0.9375
    0.6875    0.8125    0.9375
    0.6875    0.9375    0.8125
    0.7500    0.7500    0.7500
    0.7500    0.8750    0.8750
    0.8750    0.7500    0.8750
    0.8750    0.8750    0.7500
    0.8125    0.8125    0.8125
    0.8125    0.9375    0.9375
    0.9375    0.8125    0.9375
    0.9375    0.9375    0.8125
&END

&DFT
  FUNCTIONAL LDA
&END  
