&CPMD
OPTIMIZE WAVEFUNCTION
ODIIS
 4
&END

&SYSTEM
SYMMETRY
0
CELL
40.0 0.6 0.6  0.0 0.0 0.0 
CUTOFF
35.
POISSON SOLVER TUCKERMAN
&END

&ATOMS
Carbon
*C_MT_GIA_BLYP    KLEINMANN-BYLANDER
LMAX=P  LOC=P
120
        1.542629      -0.005199       0.003912
       -1.542480      -0.001174      -0.014591
       -2.626582       2.725307      -0.121413
        2.656170       1.442262      -2.332719
       -3.816375       3.747179      -2.387029
        3.612574       3.902791      -1.544119
       -5.650856       5.715469      -1.619897
       -5.646166       5.825314       1.154277
        3.612425       4.012298       1.251396
       -3.805093       3.921688       2.062953
        2.652853       1.618591       2.230335
        2.628393      -2.730718       0.111513
       -2.654293      -1.447253       2.323712
        3.816256      -3.752141       2.378577
       -3.613604      -3.907398       1.536594
        5.654046      -5.718495       1.614229
        5.651725      -5.827530      -1.159712
       -3.617079      -4.017416      -1.258276
        3.811256      -3.925509      -2.071751
       -2.656274      -1.624653      -2.239052
       -7.603696       0.524853       6.624659
        7.631549      -0.006981       6.652001
       -6.696956       2.986906       5.670800
        5.806464       1.884222       5.715466
       -4.315205       2.558877       4.313617
        3.763414       0.552673       4.380846
       -3.752682      -0.216085       4.389218
        4.329776      -2.220637       4.517186
       -5.787927      -1.440501       5.831151
        6.718172      -2.535333       5.895929
      -10.217140      -0.014931       6.673720
       10.244053       0.536244       6.647861
      -11.134714      -2.543459       5.916325
       12.075079      -1.426031       5.874044
      -13.521670      -2.207762       4.518579
       14.104030      -0.180819       4.422080
      -14.089399       0.528617       4.416286
       13.534362       2.553556       4.317652
      -12.051926       1.879619       5.757499
       11.152782       3.000283       5.693150
       15.732450       0.045104      -0.009776
      -15.195313      -2.654626       0.119009
      -14.067618      -3.761942       2.415396
       15.182102      -1.406161       2.306960
      -12.252851      -5.728117       1.627085
       14.284814      -3.938635       1.545880
       14.282928      -4.048842      -1.247295
      -12.259130      -5.837844      -1.162749
       15.177986      -1.581359      -2.206666
      -14.080192      -3.937214      -2.091799
       15.193350       2.659822      -0.109118
      -15.732697      -0.039068       0.019494
       14.067393       3.766781      -2.407284
      -15.184252       1.411360      -2.298102
       12.250601       5.730812      -1.620949
      -14.284296       3.942694      -1.538665
      -14.277548       4.054086       1.254548
       12.252009       5.840579       1.169501
      -15.173846       1.587327       2.215251
       14.074143       3.941453       2.100046
       10.225809       0.017217      -6.672204
      -10.253601      -0.536471      -6.645340
       12.061444      -1.875435      -5.753349
      -11.163208      -2.999316      -5.688968
       14.095525      -0.523309      -4.408725
      -13.542421      -2.550434      -4.309660
       13.526101       2.212554      -4.510963
      -14.109765       0.184437      -4.414237
       11.140518       2.546838      -5.912683
      -12.081535       1.428040      -5.869242
        7.613870      -0.524463      -6.627278
       -7.640916       0.004609      -6.653452
        5.794598       1.439023      -5.836059
       -6.724217       2.531710      -5.899529
        3.758323       0.212504      -4.397088
       -4.333813       2.216060      -4.523948
        4.323011      -2.562366      -4.320796
       -3.769761      -0.558057      -4.388636
        6.707404      -2.987641      -5.675111
       -5.815461      -1.888092      -5.719413
       10.312859      -6.599677      -1.081445
       -7.589807      -6.597312      -1.081984
       12.340960      -5.348314      -2.536325
       -9.979629      -6.268570      -2.486353
       11.200005      -4.236195      -4.835240
       -9.416922      -4.817356      -4.804077
        8.476843      -4.807380      -4.803948
       -6.683361      -4.255442      -4.827539
        7.923564      -6.260576      -2.486314
       -5.562364      -5.346360      -2.539341
       -7.585794      -6.491452       1.583217
       10.313642      -6.493111       1.588004
       -5.551817      -5.131882       2.926888
        7.927773      -6.044450       2.966047
       -6.661981      -3.867721       5.129072
        8.482866      -4.417790       5.164312
       -9.396902      -4.426895       5.165164
       11.207847      -3.848994       5.143411
      -10.306045       6.601398       1.082169
        7.582637       6.595540       1.081854
       -7.913787       6.260244       2.483041
        5.554646       5.342613       2.535307
       -8.465935       4.807751       4.802287
        6.672848       4.252167       4.825013
      -11.190108       4.239012       4.837724
        9.406366       4.816713       4.806059
      -12.333518       5.351771       2.540074
        9.971459       6.268870       2.488863
        7.582650       6.490212      -1.584729
      -10.310222       6.494241      -1.587335
        9.965976       6.053993      -2.966164
      -12.344688       5.136298      -2.931176
        9.400607       4.428108      -5.163799
      -11.211945       3.849723      -5.140738
        6.665919       3.866640      -5.132107
       -8.486345       4.416832      -5.165461
        5.551496       5.129656      -2.930634
       -7.927632       6.043420      -2.968846
       -9.967498      -6.052634       2.969031
       12.345511      -5.133434       2.934925

&END

&DFT
FUNCTIONAL BLYP
&END

