&CPMD
  LINEAR RESPONSE
&END

&RESP
  NMR OVERLAP
   0.001
&END

&SYSTEM
  CELL
    25.0   1.0 1.0      0.0 0.0 0.0
  SYMMETRY
    1
  CUTOFF
   70.0
&END

&DFT
  FUNCTIONAL BLYP
&END

&ATOMS
*Si_SG_BLYP
 LMAX=P
   1
          -.001475       -.000047       -.001259
*C_SG_BLYP
 LMAX=P
   4
          -.002162        .000235       3.606631
          3.398728       -.000328      -1.204557
         -1.698256       2.947331      -1.202319
         -1.698219      -2.947345      -1.202532
*H_SG_BLYP
 LMAX=S
   12
         -1.974515        .000035       4.355839
           .982563       1.708327       4.357313
           .983179      -1.707300       4.357749
          3.447619       -.000744      -3.313727
          4.435220      -1.708002       -.526085
          4.435429       1.707441       -.526669
         -1.723581       2.992521      -3.311267
          -.734140       4.696019       -.522055
         -3.694585       2.994378       -.522072
         -1.724944      -2.991425      -3.311494
         -3.694074      -2.995368       -.520990
          -.733045      -4.696094       -.523932
&END

