&CPMD
  LINEAR RESPONSE
  MAXSTEP
    200
&END

&RESP
  RAMAN
&END

&DFT
  FUNCTIONAL LDA
&END

&SYSTEM
   SYMMETRY
    1
   CELL
    15.0  1.0 1.0 0.0 0.0 0.0
   CUTOFF
    50.0
&END


&ATOMS
*C_SG_LDA
  LMAX=P
  6
     12.643700      10.000000      10.000000       3
     11.321900      12.289600      10.000000       3
      8.678100      12.289600      10.000000       3
      7.356300      10.000000      10.000000       3
      8.678100       7.710400      10.000000       3
     11.321900       7.710400      10.000000       3
*H_SG_LDA
  LMAX=S
  6
     14.724300      10.000000      10.000000       3
     12.362200      14.091400      10.000000       3
      7.637800      14.091400      10.000000       3
      5.275700      10.000000      10.000000       3
      7.637800       5.908600      10.000000       3
     12.362200       5.908600      10.000000       3
&END

