       1  0.129006E+00  0.296199E+01    0.100E+01    0.150E+01
       2  0.173546E+00  0.297708E+01    0.100E+01    0.150E+01
       3  0.206781E+00  0.301202E+01    0.100E+01    0.150E+01
       4  0.199958E+00  0.307508E+01    0.100E+01    0.150E+01
       5  0.195080E+00  0.313613E+01    0.100E+01    0.150E+01
       6  0.209880E+00  0.318848E+01    0.100E+01    0.150E+01
       7  0.214589E+00  0.324623E+01    0.100E+01    0.150E+01
       8  0.182342E+00  0.329784E+01    0.100E+01    0.150E+01
       9  0.130761E+00  0.332037E+01    0.100E+01    0.150E+01
      10  0.820325E-01  0.331540E+01    0.100E+01    0.150E+01
      11  0.340757E-01  0.330356E+01    0.100E+01    0.150E+01
      12  0.626829E+01  0.329615E+01    0.100E+01    0.150E+01
      13  0.622015E+01  0.327160E+01    0.100E+01    0.150E+01
      14  0.617322E+01  0.323757E+01    0.100E+01    0.150E+01
      15  0.612572E+01  0.320444E+01    0.100E+01    0.150E+01
      16  0.609341E+01  0.316895E+01    0.100E+01    0.150E+01
      17  0.607149E+01  0.311953E+01    0.100E+01    0.150E+01
      18  0.604041E+01  0.306643E+01    0.100E+01    0.150E+01
      19  0.599445E+01  0.302660E+01    0.100E+01    0.150E+01
      20  0.595689E+01  0.298888E+01    0.100E+01    0.150E+01
      21  0.596600E+01  0.293729E+01    0.100E+01    0.150E+01
      22  0.601577E+01  0.291021E+01    0.100E+01    0.150E+01
      23  0.606992E+01  0.289766E+01    0.100E+01    0.150E+01
      24  0.612481E+01  0.289618E+01    0.100E+01    0.150E+01
      25  0.617933E+01  0.290830E+01    0.100E+01    0.150E+01
      26  0.623295E+01  0.292431E+01    0.100E+01    0.150E+01
      27  0.436971E-02  0.293401E+01    0.100E+01    0.150E+01
      28  0.558046E-01  0.293922E+01    0.100E+01    0.150E+01
      29  0.931479E-01  0.296657E+01    0.100E+01    0.150E+01
      30  0.713378E-01  0.301929E+01    0.100E+01    0.150E+01
      31  0.378317E-01  0.306608E+01    0.100E+01    0.150E+01
      32  0.482544E-01  0.312020E+01    0.100E+01    0.150E+01
      33  0.585420E-01  0.317020E+01    0.100E+01    0.150E+01
      34  0.126193E-01  0.320318E+01    0.100E+01    0.150E+01
      35  0.624796E+01  0.323196E+01    0.100E+01    0.150E+01
      36  0.620957E+01  0.326277E+01    0.100E+01    0.150E+01
      37  0.617287E+01  0.329671E+01    0.100E+01    0.150E+01
      38  0.612311E+01  0.332061E+01    0.100E+01    0.150E+01
      39  0.606854E+01  0.333121E+01    0.100E+01    0.150E+01
      40  0.601300E+01  0.333263E+01    0.100E+01    0.150E+01
      41  0.596059E+01  0.332332E+01    0.100E+01    0.150E+01
      42  0.591741E+01  0.330254E+01    0.100E+01    0.150E+01
      43  0.588771E+01  0.326223E+01    0.100E+01    0.150E+01
      44  0.588471E+01  0.320943E+01    0.100E+01    0.150E+01
      45  0.589852E+01  0.314671E+01    0.100E+01    0.150E+01
      46  0.592850E+01  0.309234E+01    0.100E+01    0.150E+01
      47  0.597495E+01  0.306395E+01    0.100E+01    0.150E+01
      48  0.601984E+01  0.307436E+01    0.100E+01    0.150E+01
      49  0.605455E+01  0.311035E+01    0.100E+01    0.150E+01
      50  0.609643E+01  0.315058E+01    0.100E+01    0.150E+01
      51  0.614524E+01  0.318024E+01    0.100E+01    0.150E+01
      52  0.618888E+01  0.321083E+01    0.100E+01    0.150E+01
      53  0.622270E+01  0.324363E+01    0.100E+01    0.150E+01
      54  0.626076E+01  0.327901E+01    0.100E+01    0.150E+01
      55  0.266205E-01  0.330873E+01    0.100E+01    0.150E+01
      56  0.722094E-01  0.333728E+01    0.100E+01    0.150E+01
      57  0.700945E-01  0.339199E+01    0.100E+01    0.150E+01
      58  0.485921E-01  0.345207E+01    0.100E+01    0.150E+01
      59  0.415216E-01  0.351781E+01    0.100E+01    0.150E+01
      60  0.221745E-01  0.357899E+01    0.100E+01    0.150E+01
      61  0.626234E+01  0.361888E+01    0.100E+01    0.150E+01
      62  0.621335E+01  0.363245E+01    0.100E+01    0.150E+01
      63  0.617141E+01  0.361533E+01    0.100E+01    0.150E+01
      64  0.613175E+01  0.357151E+01    0.100E+01    0.150E+01
      65  0.609894E+01  0.352023E+01    0.100E+01    0.150E+01
      66  0.607655E+01  0.347001E+01    0.100E+01    0.150E+01
      67  0.606146E+01  0.341902E+01    0.100E+01    0.150E+01
      68  0.604747E+01  0.336409E+01    0.100E+01    0.150E+01
      69  0.601610E+01  0.331381E+01    0.100E+01    0.150E+01
      70  0.596385E+01  0.330172E+01    0.100E+01    0.150E+01
      71  0.591132E+01  0.332368E+01    0.100E+01    0.150E+01
      72  0.586128E+01  0.334966E+01    0.100E+01    0.150E+01
      73  0.584827E+01  0.339583E+01    0.100E+01    0.150E+01
      74  0.588629E+01  0.344245E+01    0.100E+01    0.150E+01
      75  0.588809E+01  0.349901E+01    0.100E+01    0.150E+01
      76  0.585564E+01  0.354683E+01    0.100E+01    0.150E+01
      77  0.583857E+01  0.359761E+01    0.100E+01    0.150E+01
      78  0.584561E+01  0.365134E+01    0.100E+01    0.150E+01
      79  0.588478E+01  0.369530E+01    0.100E+01    0.150E+01
      80  0.593534E+01  0.372049E+01    0.100E+01    0.150E+01
      81  0.599022E+01  0.372158E+01    0.100E+01    0.150E+01
      82  0.604352E+01  0.370423E+01    0.100E+01    0.150E+01
      83  0.609455E+01  0.367908E+01    0.100E+01    0.150E+01
      84  0.613997E+01  0.364291E+01    0.100E+01    0.150E+01
      85  0.615981E+01  0.358353E+01    0.100E+01    0.150E+01
      86  0.615672E+01  0.351811E+01    0.100E+01    0.150E+01
      87  0.616957E+01  0.345453E+01    0.100E+01    0.150E+01
      88  0.619510E+01  0.340210E+01    0.100E+01    0.150E+01
      89  0.619482E+01  0.334845E+01    0.100E+01    0.150E+01
      90  0.615894E+01  0.329927E+01    0.100E+01    0.150E+01
      91  0.612991E+01  0.324473E+01    0.100E+01    0.150E+01
      92  0.613311E+01  0.318032E+01    0.100E+01    0.150E+01
      93  0.614024E+01  0.311589E+01    0.100E+01    0.150E+01
      94  0.615899E+01  0.305505E+01    0.100E+01    0.150E+01
      95  0.620286E+01  0.301640E+01    0.100E+01    0.150E+01
      96  0.625475E+01  0.299487E+01    0.100E+01    0.150E+01
      97  0.173877E-01  0.296692E+01    0.100E+01    0.150E+01
      98  0.379951E-01  0.292117E+01    0.100E+01    0.150E+01
      99  0.369783E-01  0.286322E+01    0.100E+01    0.150E+01
     100  0.564323E-01  0.280303E+01    0.100E+01    0.150E+01
     101  0.996760E-01  0.276348E+01    0.100E+01    0.150E+01
     102  0.153128E+00  0.274876E+01    0.100E+01    0.150E+01
     103  0.207807E+00  0.275584E+01    0.100E+01    0.150E+01
     104  0.257509E+00  0.278365E+01    0.100E+01    0.150E+01
     105  0.292037E+00  0.283260E+01    0.100E+01    0.150E+01
     106  0.292531E+00  0.289702E+01    0.100E+01    0.150E+01
     107  0.273466E+00  0.295836E+01    0.100E+01    0.150E+01
     108  0.249147E+00  0.301347E+01    0.100E+01    0.150E+01
     109  0.217868E+00  0.305320E+01    0.100E+01    0.150E+01
     110  0.185718E+00  0.309226E+01    0.100E+01    0.150E+01
     111  0.195394E+00  0.314475E+01    0.100E+01    0.150E+01
     112  0.246722E+00  0.316812E+01    0.100E+01    0.150E+01
     113  0.299544E+00  0.318685E+01    0.100E+01    0.150E+01
     114  0.352640E+00  0.321054E+01    0.100E+01    0.150E+01
     115  0.390102E+00  0.324623E+01    0.100E+01    0.150E+01
     116  0.385028E+00  0.330135E+01    0.100E+01    0.150E+01
     117  0.346841E+00  0.334851E+01    0.100E+01    0.150E+01
     118  0.304559E+00  0.339652E+01    0.100E+01    0.150E+01
     119  0.267205E+00  0.344505E+01    0.100E+01    0.150E+01
     120  0.234187E+00  0.349325E+01    0.100E+01    0.150E+01
     121  0.229806E+00  0.354608E+01    0.100E+01    0.150E+01
     122  0.245357E+00  0.359785E+01    0.100E+01    0.150E+01
     123  0.236200E+00  0.364883E+01    0.100E+01    0.150E+01
     124  0.190184E+00  0.367930E+01    0.100E+01    0.150E+01
     125  0.135166E+00  0.368154E+01    0.100E+01    0.150E+01
     126  0.822747E-01  0.366389E+01    0.100E+01    0.150E+01
     127  0.382614E-01  0.362599E+01    0.100E+01    0.150E+01
     128  0.429896E-01  0.356754E+01    0.100E+01    0.150E+01
     129  0.646570E-01  0.350993E+01    0.100E+01    0.150E+01
     130  0.525954E-01  0.344678E+01    0.100E+01    0.150E+01
     131  0.658081E-01  0.339718E+01    0.100E+01    0.150E+01
     132  0.108768E+00  0.339499E+01    0.100E+01    0.150E+01
     133  0.156980E+00  0.342495E+01    0.100E+01    0.150E+01
     134  0.212387E+00  0.342137E+01    0.100E+01    0.150E+01
     135  0.266655E+00  0.340848E+01    0.100E+01    0.150E+01
     136  0.319604E+00  0.338894E+01    0.100E+01    0.150E+01
     137  0.360700E+00  0.335834E+01    0.100E+01    0.150E+01
     138  0.394750E+00  0.332114E+01    0.100E+01    0.150E+01
     139  0.430492E+00  0.328556E+01    0.100E+01    0.150E+01
     140  0.462763E+00  0.324863E+01    0.100E+01    0.150E+01
     141  0.492563E+00  0.319477E+01    0.100E+01    0.150E+01
     142  0.496114E+00  0.313259E+01    0.100E+01    0.150E+01
     143  0.464079E+00  0.308000E+01    0.100E+01    0.150E+01
     144  0.419584E+00  0.304122E+01    0.100E+01    0.150E+01
     145  0.373290E+00  0.300904E+01    0.100E+01    0.150E+01
     146  0.338288E+00  0.297294E+01    0.100E+01    0.150E+01
     147  0.313442E+00  0.292995E+01    0.100E+01    0.150E+01
     148  0.276055E+00  0.289384E+01    0.100E+01    0.150E+01
     149  0.229098E+00  0.290455E+01    0.100E+01    0.150E+01
     150  0.187429E+00  0.294747E+01    0.100E+01    0.150E+01
     151  0.141877E+00  0.298455E+01    0.100E+01    0.150E+01
     152  0.894387E-01  0.300557E+01    0.100E+01    0.150E+01
     153  0.349140E-01  0.301668E+01    0.100E+01    0.150E+01
     154  0.626534E+01  0.301082E+01    0.100E+01    0.150E+01
     155  0.623075E+01  0.297584E+01    0.100E+01    0.150E+01
     156  0.623264E+01  0.292480E+01    0.100E+01    0.150E+01
     157  0.624851E+01  0.286712E+01    0.100E+01    0.150E+01
     158  0.624645E+01  0.280184E+01    0.100E+01    0.150E+01
     159  0.625175E+01  0.273689E+01    0.100E+01    0.150E+01
     160  0.625736E+01  0.267869E+01    0.100E+01    0.150E+01
     161  0.623839E+01  0.263092E+01    0.100E+01    0.150E+01
     162  0.619449E+01  0.260950E+01    0.100E+01    0.150E+01
     163  0.614044E+01  0.261768E+01    0.100E+01    0.150E+01
     164  0.609248E+01  0.264967E+01    0.100E+01    0.150E+01
     165  0.606208E+01  0.269964E+01    0.100E+01    0.150E+01
     166  0.605716E+01  0.276275E+01    0.100E+01    0.150E+01
     167  0.603241E+01  0.281917E+01    0.100E+01    0.150E+01
     168  0.598197E+01  0.284407E+01    0.100E+01    0.150E+01
     169  0.592781E+01  0.285601E+01    0.100E+01    0.150E+01
     170  0.588330E+01  0.287399E+01    0.100E+01    0.150E+01
     171  0.584451E+01  0.289734E+01    0.100E+01    0.150E+01
     172  0.579883E+01  0.292551E+01    0.100E+01    0.150E+01
     173  0.576090E+01  0.296627E+01    0.100E+01    0.150E+01
     174  0.576006E+01  0.301623E+01    0.100E+01    0.150E+01
     175  0.579598E+01  0.306499E+01    0.100E+01    0.150E+01
     176  0.583820E+01  0.310709E+01    0.100E+01    0.150E+01
     177  0.587504E+01  0.314744E+01    0.100E+01    0.150E+01
     178  0.586297E+01  0.319857E+01    0.100E+01    0.150E+01
     179  0.582056E+01  0.323444E+01    0.100E+01    0.150E+01
     180  0.581341E+01  0.328505E+01    0.100E+01    0.150E+01
     181  0.584934E+01  0.333557E+01    0.100E+01    0.150E+01
     182  0.588453E+01  0.337264E+01    0.100E+01    0.150E+01
     183  0.591779E+01  0.341013E+01    0.100E+01    0.150E+01
     184  0.591245E+01  0.346244E+01    0.100E+01    0.150E+01
     185  0.588548E+01  0.351572E+01    0.100E+01    0.150E+01
     186  0.583974E+01  0.355131E+01    0.100E+01    0.150E+01
     187  0.578807E+01  0.357376E+01    0.100E+01    0.150E+01
     188  0.573690E+01  0.358963E+01    0.100E+01    0.150E+01
     189  0.569996E+01  0.356543E+01    0.100E+01    0.150E+01
     190  0.571141E+01  0.350218E+01    0.100E+01    0.150E+01
     191  0.569757E+01  0.343976E+01    0.100E+01    0.150E+01
     192  0.568905E+01  0.337689E+01    0.100E+01    0.150E+01
     193  0.571423E+01  0.331838E+01    0.100E+01    0.150E+01
     194  0.573925E+01  0.326533E+01    0.100E+01    0.150E+01
     195  0.576147E+01  0.321615E+01    0.100E+01    0.150E+01
     196  0.578743E+01  0.316063E+01    0.100E+01    0.150E+01
     197  0.581272E+01  0.310280E+01    0.100E+01    0.150E+01
     198  0.585404E+01  0.306123E+01    0.100E+01    0.150E+01
     199  0.590516E+01  0.304514E+01    0.100E+01    0.150E+01
     200  0.595065E+01  0.303986E+01    0.100E+01    0.150E+01
     201  0.600322E+01  0.304578E+01    0.100E+01    0.150E+01
     202  0.605834E+01  0.305271E+01    0.100E+01    0.150E+01
     203  0.611335E+01  0.305923E+01    0.100E+01    0.150E+01
     204  0.616740E+01  0.307441E+01    0.100E+01    0.150E+01
     205  0.621820E+01  0.309683E+01    0.100E+01    0.150E+01
     206  0.626318E+01  0.309498E+01    0.100E+01    0.150E+01
     207  0.628073E+01  0.304814E+01    0.100E+01    0.150E+01
     208  0.625642E+01  0.300280E+01    0.100E+01    0.150E+01
     209  0.623428E+01  0.295632E+01    0.100E+01    0.150E+01
     210  0.625848E+01  0.289740E+01    0.100E+01    0.150E+01
     211  0.627751E+01  0.283565E+01    0.100E+01    0.150E+01
     212  0.165599E-01  0.277597E+01    0.100E+01    0.150E+01
     213  0.417442E-01  0.271879E+01    0.100E+01    0.150E+01
     214  0.440639E-01  0.266361E+01    0.100E+01    0.150E+01
     215  0.358144E-01  0.261012E+01    0.100E+01    0.150E+01
     216  0.372281E-01  0.255549E+01    0.100E+01    0.150E+01
     217  0.495178E-01  0.250326E+01    0.100E+01    0.150E+01
     218  0.747916E-01  0.245759E+01    0.100E+01    0.150E+01
     219  0.117619E+00  0.245071E+01    0.100E+01    0.150E+01
     220  0.152008E+00  0.249964E+01    0.100E+01    0.150E+01
     221  0.190084E+00  0.254677E+01    0.100E+01    0.150E+01
     222  0.232348E+00  0.258904E+01    0.100E+01    0.150E+01
     223  0.275372E+00  0.263056E+01    0.100E+01    0.150E+01
     224  0.321541E+00  0.266573E+01    0.100E+01    0.150E+01
     225  0.362529E+00  0.270940E+01    0.100E+01    0.150E+01
     226  0.391150E+00  0.276423E+01    0.100E+01    0.150E+01
     227  0.431494E+00  0.280821E+01    0.100E+01    0.150E+01
     228  0.481308E+00  0.283477E+01    0.100E+01    0.150E+01
     229  0.516719E+00  0.287356E+01    0.100E+01    0.150E+01
     230  0.505723E+00  0.293164E+01    0.100E+01    0.150E+01
     231  0.469535E+00  0.298114E+01    0.100E+01    0.150E+01
     232  0.428072E+00  0.302389E+01    0.100E+01    0.150E+01
     233  0.379123E+00  0.305221E+01    0.100E+01    0.150E+01
     234  0.357039E+00  0.309535E+01    0.100E+01    0.150E+01
     235  0.363297E+00  0.315298E+01    0.100E+01    0.150E+01
     236  0.320902E+00  0.319205E+01    0.100E+01    0.150E+01
     237  0.274697E+00  0.322061E+01    0.100E+01    0.150E+01
     238  0.252382E+00  0.326613E+01    0.100E+01    0.150E+01
     239  0.283804E+00  0.331127E+01    0.100E+01    0.150E+01
     240  0.310416E+00  0.336849E+01    0.100E+01    0.150E+01
     241  0.311234E+00  0.343227E+01    0.100E+01    0.150E+01
     242  0.335929E+00  0.348229E+01    0.100E+01    0.150E+01
     243  0.384521E+00  0.351434E+01    0.100E+01    0.150E+01
     244  0.423159E+00  0.355430E+01    0.100E+01    0.150E+01
     245  0.432700E+00  0.360607E+01    0.100E+01    0.150E+01
     246  0.407364E+00  0.365108E+01    0.100E+01    0.150E+01
     247  0.378782E+00  0.369332E+01    0.100E+01    0.150E+01
     248  0.360930E+00  0.374429E+01    0.100E+01    0.150E+01
     249  0.327257E+00  0.378880E+01    0.100E+01    0.150E+01
     250  0.274352E+00  0.380662E+01    0.100E+01    0.150E+01
     251  0.228101E+00  0.381411E+01    0.100E+01    0.150E+01
     252  0.184519E+00  0.383250E+01    0.100E+01    0.150E+01
     253  0.134355E+00  0.384335E+01    0.100E+01    0.150E+01
     254  0.790210E-01  0.383827E+01    0.100E+01    0.150E+01
     255  0.236667E-01  0.383674E+01    0.100E+01    0.150E+01
     256  0.625161E+01  0.383244E+01    0.100E+01    0.150E+01
     257  0.619899E+01  0.381339E+01    0.100E+01    0.150E+01
     258  0.615077E+01  0.378190E+01    0.100E+01    0.150E+01
     259  0.611386E+01  0.374341E+01    0.100E+01    0.150E+01
     260  0.612317E+01  0.368849E+01    0.100E+01    0.150E+01
     261  0.614760E+01  0.363008E+01    0.100E+01    0.150E+01
     262  0.614558E+01  0.356494E+01    0.100E+01    0.150E+01
     263  0.614545E+01  0.349987E+01    0.100E+01    0.150E+01
     264  0.615301E+01  0.344430E+01    0.100E+01    0.150E+01
     265  0.615041E+01  0.338964E+01    0.100E+01    0.150E+01
     266  0.613540E+01  0.332784E+01    0.100E+01    0.150E+01
     267  0.613680E+01  0.326730E+01    0.100E+01    0.150E+01
     268  0.614970E+01  0.320832E+01    0.100E+01    0.150E+01
     269  0.613735E+01  0.314544E+01    0.100E+01    0.150E+01
     270  0.615678E+01  0.309027E+01    0.100E+01    0.150E+01
     271  0.615791E+01  0.303746E+01    0.100E+01    0.150E+01
     272  0.615361E+01  0.298657E+01    0.100E+01    0.150E+01
     273  0.617052E+01  0.293050E+01    0.100E+01    0.150E+01
     274  0.618196E+01  0.286622E+01    0.100E+01    0.150E+01
     275  0.620226E+01  0.280571E+01    0.100E+01    0.150E+01
     276  0.624872E+01  0.277488E+01    0.100E+01    0.150E+01
     277  0.204228E-01  0.278359E+01    0.100E+01    0.150E+01
     278  0.662101E-01  0.280884E+01    0.100E+01    0.150E+01
     279  0.107985E+00  0.283134E+01    0.100E+01    0.150E+01
     280  0.132634E+00  0.287567E+01    0.100E+01    0.150E+01
     281  0.143312E+00  0.293926E+01    0.100E+01    0.150E+01
     282  0.178269E+00  0.298974E+01    0.100E+01    0.150E+01
     283  0.210473E+00  0.303478E+01    0.100E+01    0.150E+01
     284  0.185423E+00  0.308170E+01    0.100E+01    0.150E+01
     285  0.148187E+00  0.312664E+01    0.100E+01    0.150E+01
     286  0.106024E+00  0.316718E+01    0.100E+01    0.150E+01
     287  0.553148E-01  0.318553E+01    0.100E+01    0.150E+01
     288  0.349986E-01  0.323370E+01    0.100E+01    0.150E+01
     289  0.281016E-01  0.328685E+01    0.100E+01    0.150E+01
     290  0.626988E+01  0.329995E+01    0.100E+01    0.150E+01
     291  0.624719E+01  0.325522E+01    0.100E+01    0.150E+01
     292  0.622823E+01  0.320744E+01    0.100E+01    0.150E+01
     293  0.617870E+01  0.318759E+01    0.100E+01    0.150E+01
     294  0.612422E+01  0.318699E+01    0.100E+01    0.150E+01
     295  0.610129E+01  0.322133E+01    0.100E+01    0.150E+01
     296  0.613025E+01  0.326522E+01    0.100E+01    0.150E+01
     297  0.608872E+01  0.329879E+01    0.100E+01    0.150E+01
     298  0.608391E+01  0.334909E+01    0.100E+01    0.150E+01
     299  0.610160E+01  0.341030E+01    0.100E+01    0.150E+01
     300  0.610723E+01  0.347573E+01    0.100E+01    0.150E+01
     301  0.612927E+01  0.353113E+01    0.100E+01    0.150E+01
     302  0.615823E+01  0.357354E+01    0.100E+01    0.150E+01
     303  0.616105E+01  0.362679E+01    0.100E+01    0.150E+01
     304  0.614720E+01  0.369002E+01    0.100E+01    0.150E+01
     305  0.614943E+01  0.375503E+01    0.100E+01    0.150E+01
     306  0.613685E+01  0.381823E+01    0.100E+01    0.150E+01
     307  0.612159E+01  0.387823E+01    0.100E+01    0.150E+01
     308  0.614090E+01  0.392301E+01    0.100E+01    0.150E+01
     309  0.618606E+01  0.394499E+01    0.100E+01    0.150E+01
     310  0.621652E+01  0.398244E+01    0.100E+01    0.150E+01
     311  0.620805E+01  0.403767E+01    0.100E+01    0.150E+01
     312  0.620039E+01  0.409125E+01    0.100E+01    0.150E+01
     313  0.621880E+01  0.414034E+01    0.100E+01    0.150E+01
     314  0.625659E+01  0.417172E+01    0.100E+01    0.150E+01
     315  0.106349E-01  0.420383E+01    0.100E+01    0.150E+01
     316  0.455896E-01  0.423936E+01    0.100E+01    0.150E+01
     317  0.898157E-01  0.424785E+01    0.100E+01    0.150E+01
     318  0.139470E+00  0.422346E+01    0.100E+01    0.150E+01
     319  0.186129E+00  0.420166E+01    0.100E+01    0.150E+01
     320  0.215158E+00  0.415861E+01    0.100E+01    0.150E+01
     321  0.225668E+00  0.409442E+01    0.100E+01    0.150E+01
     322  0.249198E+00  0.403538E+01    0.100E+01    0.150E+01
     323  0.278923E+00  0.398024E+01    0.100E+01    0.150E+01
     324  0.291552E+00  0.391719E+01    0.100E+01    0.150E+01
     325  0.289621E+00  0.385296E+01    0.100E+01    0.150E+01
     326  0.309866E+00  0.379378E+01    0.100E+01    0.150E+01
     327  0.354235E+00  0.375633E+01    0.100E+01    0.150E+01
     328  0.405277E+00  0.373183E+01    0.100E+01    0.150E+01
     329  0.447602E+00  0.369056E+01    0.100E+01    0.150E+01
     330  0.474908E+00  0.363405E+01    0.100E+01    0.150E+01
     331  0.487409E+00  0.357053E+01    0.100E+01    0.150E+01
     332  0.480119E+00  0.350603E+01    0.100E+01    0.150E+01
     333  0.451676E+00  0.345005E+01    0.100E+01    0.150E+01
     334  0.413924E+00  0.340610E+01    0.100E+01    0.150E+01
     335  0.386696E+00  0.336281E+01    0.100E+01    0.150E+01
     336  0.393195E+00  0.330415E+01    0.100E+01    0.150E+01
     337  0.432705E+00  0.326004E+01    0.100E+01    0.150E+01
     338  0.486675E+00  0.324994E+01    0.100E+01    0.150E+01
     339  0.540859E+00  0.326248E+01    0.100E+01    0.150E+01
     340  0.591956E+00  0.328523E+01    0.100E+01    0.150E+01
     341  0.613681E+00  0.333093E+01    0.100E+01    0.150E+01
     342  0.585763E+00  0.338520E+01    0.100E+01    0.150E+01
     343  0.557148E+00  0.343403E+01    0.100E+01    0.150E+01
     344  0.554280E+00  0.348859E+01    0.100E+01    0.150E+01
     345  0.555755E+00  0.354383E+01    0.100E+01    0.150E+01
     346  0.547944E+00  0.360160E+01    0.100E+01    0.150E+01
     347  0.540261E+00  0.365654E+01    0.100E+01    0.150E+01
     348  0.529643E+00  0.371044E+01    0.100E+01    0.150E+01
     349  0.508479E+00  0.375868E+01    0.100E+01    0.150E+01
     350  0.475218E+00  0.379217E+01    0.100E+01    0.150E+01
     351  0.431042E+00  0.382456E+01    0.100E+01    0.150E+01
     352  0.389796E+00  0.385852E+01    0.100E+01    0.150E+01
     353  0.355674E+00  0.389342E+01    0.100E+01    0.150E+01
     354  0.309303E+00  0.391752E+01    0.100E+01    0.150E+01
     355  0.254614E+00  0.391611E+01    0.100E+01    0.150E+01
     356  0.228808E+00  0.387476E+01    0.100E+01    0.150E+01
     357  0.244282E+00  0.381294E+01    0.100E+01    0.150E+01
     358  0.248133E+00  0.374793E+01    0.100E+01    0.150E+01
     359  0.247226E+00  0.368265E+01    0.100E+01    0.150E+01
     360  0.251739E+00  0.361729E+01    0.100E+01    0.150E+01
     361  0.270741E+00  0.355626E+01    0.100E+01    0.150E+01
     362  0.293930E+00  0.349708E+01    0.100E+01    0.150E+01
     363  0.308222E+00  0.343439E+01    0.100E+01    0.150E+01
     364  0.294993E+00  0.337180E+01    0.100E+01    0.150E+01
     365  0.270399E+00  0.331580E+01    0.100E+01    0.150E+01
     366  0.281132E+00  0.326257E+01    0.100E+01    0.150E+01
     367  0.289745E+00  0.320586E+01    0.100E+01    0.150E+01
     368  0.310138E+00  0.314525E+01    0.100E+01    0.150E+01
     369  0.357406E+00  0.311407E+01    0.100E+01    0.150E+01
     370  0.378236E+00  0.306840E+01    0.100E+01    0.150E+01
     371  0.374949E+00  0.300446E+01    0.100E+01    0.150E+01
     372  0.390498E+00  0.294146E+01    0.100E+01    0.150E+01
     373  0.369392E+00  0.288155E+01    0.100E+01    0.150E+01
     374  0.360911E+00  0.283035E+01    0.100E+01    0.150E+01
     375  0.397361E+00  0.278332E+01    0.100E+01    0.150E+01
     376  0.429808E+00  0.273012E+01    0.100E+01    0.150E+01
     377  0.462834E+00  0.268558E+01    0.100E+01    0.150E+01
     378  0.505214E+00  0.266572E+01    0.100E+01    0.150E+01
     379  0.547522E+00  0.268322E+01    0.100E+01    0.150E+01
     380  0.557559E+00  0.273601E+01    0.100E+01    0.150E+01
     381  0.556149E+00  0.280140E+01    0.100E+01    0.150E+01
     382  0.569433E+00  0.286461E+01    0.100E+01    0.150E+01
     383  0.568274E+00  0.292954E+01    0.100E+01    0.150E+01
     384  0.547399E+00  0.299006E+01    0.100E+01    0.150E+01
     385  0.530156E+00  0.305189E+01    0.100E+01    0.150E+01
     386  0.553582E+00  0.310331E+01    0.100E+01    0.150E+01
     387  0.604060E+00  0.312074E+01    0.100E+01    0.150E+01
     388  0.647433E+00  0.313705E+01    0.100E+01    0.150E+01
     389  0.662337E+00  0.318780E+01    0.100E+01    0.150E+01
     390  0.644386E+00  0.324850E+01    0.100E+01    0.150E+01
     391  0.620477E+00  0.330725E+01    0.100E+01    0.150E+01
     392  0.593152E+00  0.336352E+01    0.100E+01    0.150E+01
     393  0.571543E+00  0.341705E+01    0.100E+01    0.150E+01
     394  0.564989E+00  0.347088E+01    0.100E+01    0.150E+01
     395  0.582244E+00  0.352204E+01    0.100E+01    0.150E+01
     396  0.608787E+00  0.356423E+01    0.100E+01    0.150E+01
     397  0.629924E+00  0.361336E+01    0.100E+01    0.150E+01
     398  0.615891E+00  0.366848E+01    0.100E+01    0.150E+01
     399  0.572331E+00  0.370870E+01    0.100E+01    0.150E+01
     400  0.531278E+00  0.374670E+01    0.100E+01    0.150E+01
     401  0.522239E+00  0.379837E+01    0.100E+01    0.150E+01
     402  0.544286E+00  0.384086E+01    0.100E+01    0.150E+01
     403  0.572319E+00  0.388337E+01    0.100E+01    0.150E+01
     404  0.600436E+00  0.392744E+01    0.100E+01    0.150E+01
     405  0.627684E+00  0.397138E+01    0.100E+01    0.150E+01
     406  0.610218E+00  0.402061E+01    0.100E+01    0.150E+01
     407  0.557832E+00  0.404178E+01    0.100E+01    0.150E+01
     408  0.505978E+00  0.406492E+01    0.100E+01    0.150E+01
     409  0.452632E+00  0.408127E+01    0.100E+01    0.150E+01
     410  0.403492E+00  0.406695E+01    0.100E+01    0.150E+01
     411  0.376289E+00  0.402321E+01    0.100E+01    0.150E+01
     412  0.363723E+00  0.397129E+01    0.100E+01    0.150E+01
     413  0.390702E+00  0.392470E+01    0.100E+01    0.150E+01
     414  0.415378E+00  0.386876E+01    0.100E+01    0.150E+01
     415  0.422132E+00  0.380429E+01    0.100E+01    0.150E+01
     416  0.453694E+00  0.375129E+01    0.100E+01    0.150E+01
     417  0.488806E+00  0.370117E+01    0.100E+01    0.150E+01
     418  0.506383E+00  0.364062E+01    0.100E+01    0.150E+01
     419  0.483124E+00  0.358806E+01    0.100E+01    0.150E+01
     420  0.436126E+00  0.355343E+01    0.100E+01    0.150E+01
     421  0.393784E+00  0.351088E+01    0.145E+01    0.150E+01
     422  0.349637E+00  0.347125E+01    0.145E+01    0.150E+01
     423  0.291162E+00  0.343054E+01    0.145E+01    0.150E+01
     424  0.251798E+00  0.338003E+01    0.145E+01    0.150E+01
     425  0.281665E+00  0.332062E+01    0.145E+01    0.150E+01
     426  0.289370E+00  0.325739E+01    0.145E+01    0.150E+01
     427  0.241881E+00  0.320515E+01    0.145E+01    0.150E+01
     428  0.183860E+00  0.315984E+01    0.145E+01    0.150E+01
     429  0.128355E+00  0.311272E+01    0.145E+01    0.150E+01
     430  0.622936E-01  0.308824E+01    0.145E+01    0.150E+01
     431  0.586809E-03  0.310222E+01    0.145E+01    0.150E+01
     432  0.552016E-02  0.315617E+01    0.145E+01    0.150E+01
     433  0.461044E-01  0.321164E+01    0.145E+01    0.150E+01
     434  0.875605E-01  0.325738E+01    0.145E+01    0.150E+01
     435  0.118979E+00  0.330456E+01    0.145E+01    0.150E+01
     436  0.102932E+00  0.336069E+01    0.145E+01    0.150E+01
     437  0.990409E-01  0.342598E+01    0.145E+01    0.150E+01
     438  0.895331E-01  0.349072E+01    0.145E+01    0.150E+01
     439  0.498108E-01  0.354799E+01    0.145E+01    0.150E+01
     440  0.360556E-01  0.359897E+01    0.145E+01    0.150E+01
     441  0.938848E-01  0.362365E+01    0.145E+01    0.150E+01
     442  0.101015E+00  0.367622E+01    0.145E+01    0.150E+01
     443  0.485183E-01  0.372448E+01    0.145E+01    0.150E+01
     444  0.255863E-01  0.377592E+01    0.145E+01    0.150E+01
     445  0.353869E-01  0.383127E+01    0.145E+01    0.150E+01
     446  0.521890E-01  0.389427E+01    0.145E+01    0.150E+01
     447  0.658823E-01  0.395411E+01    0.145E+01    0.150E+01
     448  0.956619E-01  0.400238E+01    0.145E+01    0.150E+01
     449  0.149512E+00  0.403492E+01    0.145E+01    0.150E+01
     450  0.180473E+00  0.408129E+01    0.145E+01    0.150E+01
     451  0.181477E+00  0.413548E+01    0.145E+01    0.150E+01
     452  0.190314E+00  0.419109E+01    0.145E+01    0.150E+01
     453  0.219640E+00  0.424833E+01    0.145E+01    0.150E+01
     454  0.252113E+00  0.430761E+01    0.145E+01    0.150E+01
     455  0.278979E+00  0.436872E+01    0.145E+01    0.150E+01
     456  0.317896E+00  0.441957E+01    0.145E+01    0.150E+01
     457  0.380236E+00  0.445871E+01    0.145E+01    0.150E+01
     458  0.440329E+00  0.450194E+01    0.145E+01    0.150E+01
     459  0.479131E+00  0.455875E+01    0.145E+01    0.150E+01
     460  0.504686E+00  0.462069E+01    0.145E+01    0.150E+01
     461  0.528240E+00  0.468334E+01    0.145E+01    0.150E+01
     462  0.547857E+00  0.474706E+01    0.145E+01    0.150E+01
     463  0.552160E+00  0.481235E+01    0.145E+01    0.150E+01
     464  0.536205E+00  0.487640E+01    0.145E+01    0.150E+01
     465  0.509654E+00  0.493827E+01    0.145E+01    0.150E+01
     466  0.480683E+00  0.499953E+01    0.145E+01    0.150E+01
     467  0.450040E+00  0.506036E+01    0.145E+01    0.150E+01
     468  0.430667E+00  0.512121E+01    0.145E+01    0.150E+01
     469  0.443881E+00  0.518527E+01    0.145E+01    0.150E+01
     470  0.478456E+00  0.524445E+01    0.145E+01    0.150E+01
     471  0.512520E+00  0.530351E+01    0.145E+01    0.150E+01
     472  0.538967E+00  0.536523E+01    0.145E+01    0.150E+01
     473  0.552708E+00  0.542952E+01    0.145E+01    0.150E+01
     474  0.541876E+00  0.549153E+01    0.145E+01    0.150E+01
     475  0.506340E+00  0.555064E+01    0.145E+01    0.150E+01
     476  0.463949E+00  0.560569E+01    0.145E+01    0.150E+01
     477  0.420584E+00  0.566073E+01    0.145E+01    0.150E+01
     478  0.373336E+00  0.571378E+01    0.145E+01    0.150E+01
     479  0.326052E+00  0.576590E+01    0.145E+01    0.150E+01
     480  0.288311E+00  0.582361E+01    0.145E+01    0.150E+01
     481  0.269114E+00  0.588653E+01    0.145E+01    0.150E+01
     482  0.263872E+00  0.595287E+01    0.145E+01    0.150E+01
     483  0.271760E+00  0.600794E+01    0.145E+01    0.150E+01
     484  0.306981E+00  0.605565E+01    0.145E+01    0.150E+01
     485  0.360268E+00  0.610096E+01    0.145E+01    0.150E+01
     486  0.405289E+00  0.615387E+01    0.145E+01    0.150E+01
     487  0.435905E+00  0.621024E+01    0.145E+01    0.150E+01
     488  0.458260E+00  0.627139E+01    0.145E+01    0.150E+01
     489  0.460140E+00  0.633622E+01    0.145E+01    0.150E+01
     490  0.453539E+00  0.640153E+01    0.145E+01    0.150E+01
     491  0.451337E+00  0.646727E+01    0.145E+01    0.150E+01
     492  0.441061E+00  0.653229E+01    0.145E+01    0.150E+01
     493  0.435555E+00  0.658664E+01    0.145E+01    0.150E+01
     494  0.455417E+00  0.663927E+01    0.145E+01    0.150E+01
     495  0.485916E+00  0.669235E+01    0.145E+01    0.150E+01
     496  0.527966E+00  0.674527E+01    0.145E+01    0.150E+01
     497  0.590818E+00  0.678382E+01    0.145E+01    0.150E+01
     498  0.659687E+00  0.680218E+01    0.145E+01    0.150E+01
     499  0.734936E+00  0.680746E+01    0.145E+01    0.150E+01
     500  0.815039E+00  0.681075E+01    0.145E+01    0.150E+01
     501  0.892926E+00  0.682648E+01    0.145E+01    0.150E+01
     502  0.967857E+00  0.685054E+01    0.145E+01    0.150E+01
     503  0.103426E+01  0.685700E+01    0.145E+01    0.150E+01
     504  0.109794E+01  0.682846E+01    0.145E+01    0.150E+01
     505  0.116113E+01  0.678780E+01    0.145E+01    0.150E+01
     506  0.121594E+01  0.674088E+01    0.145E+01    0.150E+01
     507  0.127567E+01  0.669722E+01    0.145E+01    0.150E+01
     508  0.134167E+01  0.666007E+01    0.145E+01    0.150E+01
     509  0.140593E+01  0.662116E+01    0.145E+01    0.150E+01
     510  0.146432E+01  0.657620E+01    0.145E+01    0.150E+01
     511  0.153410E+01  0.654442E+01    0.145E+01    0.150E+01
     512  0.161241E+01  0.653033E+01    0.145E+01    0.150E+01
     513  0.168692E+01  0.651144E+01    0.145E+01    0.150E+01
     514  0.174577E+01  0.647338E+01    0.145E+01    0.150E+01
     515  0.180342E+01  0.642759E+01    0.145E+01    0.150E+01
     516  0.185769E+01  0.638796E+01    0.145E+01    0.150E+01
     517  0.191143E+01  0.635492E+01    0.145E+01    0.150E+01
     518  0.195478E+01  0.631358E+01    0.145E+01    0.150E+01
     519  0.196308E+01  0.625985E+01    0.145E+01    0.150E+01
     520  0.194074E+01  0.620866E+01    0.145E+01    0.150E+01
     521  0.189653E+01  0.616751E+01    0.145E+01    0.150E+01
     522  0.184068E+01  0.613638E+01    0.145E+01    0.150E+01
     523  0.179753E+01  0.610052E+01    0.145E+01    0.150E+01
     524  0.176663E+01  0.605583E+01    0.145E+01    0.150E+01
     525  0.172162E+01  0.601521E+01    0.145E+01    0.150E+01
     526  0.165695E+01  0.600772E+01    0.145E+01    0.150E+01
     527  0.158073E+01  0.602750E+01    0.145E+01    0.150E+01
     528  0.150824E+01  0.604578E+01    0.145E+01    0.150E+01
     529  0.144291E+01  0.606124E+01    0.145E+01    0.150E+01
     530  0.138197E+01  0.608735E+01    0.145E+01    0.150E+01
     531  0.132310E+01  0.613061E+01    0.145E+01    0.150E+01
     532  0.125588E+01  0.616607E+01    0.145E+01    0.150E+01
     533  0.117919E+01  0.618511E+01    0.145E+01    0.150E+01
     534  0.109991E+01  0.619282E+01    0.145E+01    0.150E+01
     535  0.101970E+01  0.619730E+01    0.145E+01    0.150E+01
     536  0.940384E+00  0.620634E+01    0.145E+01    0.150E+01
     537  0.864022E+00  0.622540E+01    0.145E+01    0.150E+01
     538  0.784149E+00  0.624485E+01    0.145E+01    0.150E+01
     539  0.708076E+00  0.625889E+01    0.145E+01    0.150E+01
     540  0.644070E+00  0.627618E+01    0.145E+01    0.150E+01
     541  0.621017E+00  0.632472E+01    0.145E+01    0.150E+01
     542  0.669081E+00  0.637669E+01    0.145E+01    0.150E+01
     543  0.720334E+00  0.642990E+01    0.145E+01    0.150E+01
     544  0.768790E+00  0.648007E+01    0.145E+01    0.150E+01
     545  0.829653E+00  0.652247E+01    0.145E+01    0.150E+01
     546  0.888384E+00  0.656609E+01    0.145E+01    0.150E+01
     547  0.922451E+00  0.661656E+01    0.145E+01    0.150E+01
     548  0.948613E+00  0.666698E+01    0.145E+01    0.150E+01
     549  0.994287E+00  0.670614E+01    0.145E+01    0.150E+01
     550  0.106829E+01  0.671715E+01    0.145E+01    0.150E+01
     551  0.114803E+01  0.672641E+01    0.145E+01    0.150E+01
     552  0.122700E+01  0.672798E+01    0.145E+01    0.150E+01
     553  0.130467E+01  0.671248E+01    0.145E+01    0.150E+01
     554  0.137324E+01  0.667879E+01    0.145E+01    0.150E+01
     555  0.143007E+01  0.663288E+01    0.145E+01    0.150E+01
     556  0.149240E+01  0.659251E+01    0.145E+01    0.150E+01
     557  0.156519E+01  0.657360E+01    0.145E+01    0.150E+01
     558  0.163151E+01  0.656358E+01    0.145E+01    0.150E+01
     559  0.170512E+01  0.655230E+01    0.145E+01    0.150E+01
     560  0.178505E+01  0.655737E+01    0.145E+01    0.150E+01
     561  0.186343E+01  0.657182E+01    0.145E+01    0.150E+01
     562  0.194034E+01  0.658609E+01    0.145E+01    0.150E+01
     563  0.200702E+01  0.661282E+01    0.145E+01    0.150E+01
     564  0.206253E+01  0.664392E+01    0.145E+01    0.150E+01
     565  0.212161E+01  0.667347E+01    0.145E+01    0.150E+01
     566  0.218109E+01  0.671722E+01    0.145E+01    0.150E+01
     567  0.222982E+01  0.676852E+01    0.145E+01    0.150E+01
     568  0.229345E+01  0.680801E+01    0.145E+01    0.150E+01
     569  0.236874E+01  0.683029E+01    0.145E+01    0.150E+01
     570  0.244567E+01  0.684919E+01    0.145E+01    0.150E+01
     571  0.252132E+01  0.687034E+01    0.145E+01    0.150E+01
     572  0.258773E+01  0.690709E+01    0.145E+01    0.150E+01
     573  0.264276E+01  0.695355E+01    0.145E+01    0.150E+01
     574  0.270970E+01  0.698608E+01    0.145E+01    0.150E+01
     575  0.278530E+01  0.700824E+01    0.145E+01    0.150E+01
     576  0.285557E+01  0.703888E+01    0.145E+01    0.150E+01
     577  0.292721E+01  0.706727E+01    0.145E+01    0.150E+01
     578  0.300184E+01  0.709030E+01    0.145E+01    0.150E+01
     579  0.307380E+01  0.711807E+01    0.145E+01    0.150E+01
     580  0.314414E+01  0.713499E+01    0.145E+01    0.150E+01
     581  0.322029E+01  0.714966E+01    0.145E+01    0.150E+01
     582  0.328804E+01  0.718351E+01    0.145E+01    0.150E+01
     583  0.335269E+01  0.721359E+01    0.145E+01    0.150E+01
     584  0.341917E+01  0.721813E+01    0.145E+01    0.150E+01
     585  0.349310E+01  0.721102E+01    0.145E+01    0.150E+01
     586  0.357162E+01  0.719836E+01    0.145E+01    0.150E+01
     587  0.364840E+01  0.717997E+01    0.145E+01    0.150E+01
     588  0.372635E+01  0.717106E+01    0.145E+01    0.150E+01
     589  0.379914E+01  0.715614E+01    0.145E+01    0.150E+01
     590  0.385862E+01  0.711238E+01    0.145E+01    0.150E+01
     591  0.390720E+01  0.706283E+01    0.145E+01    0.150E+01
     592  0.394524E+01  0.701676E+01    0.145E+01    0.150E+01
     593  0.395428E+01  0.695432E+01    0.145E+01    0.150E+01
     594  0.393543E+01  0.689189E+01    0.145E+01    0.150E+01
     595  0.391653E+01  0.683371E+01    0.145E+01    0.150E+01
     596  0.392039E+01  0.677616E+01    0.145E+01    0.150E+01
     597  0.392303E+01  0.671749E+01    0.145E+01    0.150E+01
     598  0.389595E+01  0.665780E+01    0.145E+01    0.150E+01
     599  0.386810E+01  0.659652E+01    0.145E+01    0.150E+01
     600  0.387434E+01  0.653970E+01    0.145E+01    0.150E+01
     601  0.391663E+01  0.650056E+01    0.145E+01    0.299E+01
     602  0.396117E+01  0.646042E+01    0.145E+01    0.299E+01
     603  0.401756E+01  0.639975E+01    0.145E+01    0.299E+01
     604  0.407707E+01  0.636070E+01    0.145E+01    0.299E+01
     605  0.415449E+01  0.633896E+01    0.145E+01    0.299E+01
     606  0.423057E+01  0.632521E+01    0.145E+01    0.299E+01
     607  0.430537E+01  0.634166E+01    0.145E+01    0.299E+01
     608  0.438336E+01  0.637399E+01    0.145E+01    0.299E+01
     609  0.446092E+01  0.640681E+01    0.145E+01    0.299E+01
     610  0.453733E+01  0.643735E+01    0.145E+01    0.299E+01
     611  0.461667E+01  0.645903E+01    0.145E+01    0.299E+01
     612  0.469696E+01  0.647655E+01    0.145E+01    0.299E+01
     613  0.477481E+01  0.651179E+01    0.145E+01    0.299E+01
     614  0.485341E+01  0.653712E+01    0.145E+01    0.299E+01
     615  0.493376E+01  0.653816E+01    0.145E+01    0.299E+01
     616  0.501352E+01  0.653311E+01    0.145E+01    0.299E+01
     617  0.509378E+01  0.652994E+01    0.145E+01    0.299E+01
     618  0.517384E+01  0.652477E+01    0.145E+01    0.299E+01
     619  0.525349E+01  0.652585E+01    0.145E+01    0.299E+01
     620  0.533361E+01  0.651835E+01    0.145E+01    0.299E+01
     621  0.541187E+01  0.649198E+01    0.145E+01    0.299E+01
     622  0.549055E+01  0.646976E+01    0.145E+01    0.299E+01
     623  0.556358E+01  0.646126E+01    0.145E+01    0.299E+01
     624  0.563024E+01  0.643464E+01    0.145E+01    0.299E+01
     625  0.570239E+01  0.639322E+01    0.145E+01    0.299E+01
     626  0.576933E+01  0.635365E+01    0.145E+01    0.299E+01
     627  0.582730E+01  0.629972E+01    0.145E+01    0.299E+01
     628  0.589531E+01  0.623347E+01    0.145E+01    0.299E+01
     629  0.597266E+01  0.618234E+01    0.145E+01    0.299E+01
     630  0.604700E+01  0.613350E+01    0.145E+01    0.299E+01
     631  0.612098E+01  0.608410E+01    0.145E+01    0.299E+01
     632  0.619852E+01  0.605230E+01    0.145E+01    0.299E+01
     633  0.627822E+01  0.603960E+01    0.145E+01    0.299E+01
     634  0.739751E-01  0.602121E+01    0.145E+01    0.299E+01
     635  0.152529E+00  0.600020E+01    0.145E+01    0.299E+01
     636  0.220632E+00  0.598039E+01    0.145E+01    0.299E+01
     637  0.285157E+00  0.594579E+01    0.145E+01    0.299E+01
     638  0.350452E+00  0.591037E+01    0.145E+01    0.299E+01
     639  0.424414E+00  0.590643E+01    0.145E+01    0.299E+01
     640  0.504396E+00  0.590752E+01    0.145E+01    0.299E+01
     641  0.584205E+00  0.589582E+01    0.145E+01    0.299E+01
     642  0.663710E+00  0.589294E+01    0.145E+01    0.299E+01
     643  0.739433E+00  0.591089E+01    0.145E+01    0.299E+01
     644  0.819169E+00  0.592698E+01    0.145E+01    0.299E+01
     645  0.899178E+00  0.592994E+01    0.145E+01    0.299E+01
     646  0.980155E+00  0.592225E+01    0.145E+01    0.299E+01
     647  0.105977E+01  0.590724E+01    0.145E+01    0.299E+01
     648  0.113969E+01  0.590428E+01    0.145E+01    0.299E+01
     649  0.121970E+01  0.591327E+01    0.145E+01    0.299E+01
     650  0.129217E+01  0.590611E+01    0.145E+01    0.299E+01
     651  0.135768E+01  0.588342E+01    0.145E+01    0.299E+01
     652  0.142495E+01  0.588048E+01    0.145E+01    0.299E+01
     653  0.148830E+01  0.589769E+01    0.145E+01    0.299E+01
     654  0.155507E+01  0.591161E+01    0.145E+01    0.299E+01
     655  0.161955E+01  0.593896E+01    0.145E+01    0.299E+01
     656  0.163414E+01  0.603295E+01    0.145E+01    0.299E+01
     657  0.158331E+01  0.612778E+01    0.145E+01    0.299E+01
     658  0.158377E+01  0.625386E+01    0.145E+01    0.299E+01
     659  0.158504E+01  0.638083E+01    0.145E+01    0.299E+01
     660  0.154575E+01  0.649190E+01    0.145E+01    0.299E+01
     661  0.152555E+01  0.659900E+01    0.145E+01    0.299E+01
     662  0.155379E+01  0.671603E+01    0.145E+01    0.299E+01
     663  0.158387E+01  0.683626E+01    0.145E+01    0.299E+01
     664  0.161466E+01  0.695631E+01    0.145E+01    0.299E+01
     665  0.167264E+01  0.704141E+01    0.145E+01    0.299E+01
     666  0.175030E+01  0.708210E+01    0.145E+01    0.299E+01
     667  0.181832E+01  0.711960E+01    0.145E+01    0.299E+01
     668  0.187772E+01  0.716512E+01    0.145E+01    0.299E+01
     669  0.194366E+01  0.718817E+01    0.145E+01    0.299E+01
     670  0.201527E+01  0.719279E+01    0.145E+01    0.299E+01
     671  0.208537E+01  0.720235E+01    0.145E+01    0.299E+01
     672  0.215267E+01  0.720412E+01    0.145E+01    0.299E+01
     673  0.223270E+01  0.719586E+01    0.145E+01    0.299E+01
     674  0.231244E+01  0.718835E+01    0.145E+01    0.299E+01
     675  0.239133E+01  0.716607E+01    0.145E+01    0.299E+01
     676  0.246865E+01  0.713173E+01    0.145E+01    0.299E+01
     677  0.254797E+01  0.711053E+01    0.145E+01    0.299E+01
     678  0.262783E+01  0.709859E+01    0.145E+01    0.299E+01
     679  0.270781E+01  0.708727E+01    0.145E+01    0.299E+01
     680  0.278817E+01  0.708512E+01    0.145E+01    0.299E+01
     681  0.286862E+01  0.708658E+01    0.145E+01    0.299E+01
     682  0.294890E+01  0.708989E+01    0.145E+01    0.299E+01
     683  0.302842E+01  0.710415E+01    0.145E+01    0.299E+01
     684  0.310865E+01  0.711616E+01    0.145E+01    0.299E+01
     685  0.318958E+01  0.710323E+01    0.145E+01    0.299E+01
     686  0.325268E+01  0.706514E+01    0.145E+01    0.299E+01
     687  0.329120E+01  0.697775E+01    0.145E+01    0.299E+01
     688  0.331541E+01  0.687897E+01    0.145E+01    0.299E+01
     689  0.336916E+01  0.680817E+01    0.145E+01    0.299E+01
     690  0.343376E+01  0.676233E+01    0.145E+01    0.299E+01
     691  0.349227E+01  0.671266E+01    0.145E+01    0.299E+01
     692  0.356047E+01  0.666519E+01    0.145E+01    0.299E+01
     693  0.364042E+01  0.665560E+01    0.145E+01    0.299E+01
     694  0.372043E+01  0.666687E+01    0.145E+01    0.299E+01
     695  0.380063E+01  0.668462E+01    0.145E+01    0.299E+01
     696  0.387407E+01  0.671264E+01    0.145E+01    0.299E+01
     697  0.394020E+01  0.673132E+01    0.145E+01    0.299E+01
     698  0.401032E+01  0.674819E+01    0.145E+01    0.299E+01
     699  0.408960E+01  0.677033E+01    0.145E+01    0.299E+01
     700  0.416921E+01  0.679019E+01    0.145E+01    0.299E+01
     701  0.424784E+01  0.682635E+01    0.145E+01    0.299E+01
     702  0.431020E+01  0.689218E+01    0.145E+01    0.299E+01
     703  0.436101E+01  0.696388E+01    0.145E+01    0.299E+01
     704  0.441663E+01  0.702502E+01    0.145E+01    0.299E+01
     705  0.447245E+01  0.708111E+01    0.145E+01    0.299E+01
     706  0.452867E+01  0.714563E+01    0.145E+01    0.299E+01
     707  0.458540E+01  0.719663E+01    0.145E+01    0.299E+01
     708  0.464878E+01  0.724097E+01    0.145E+01    0.299E+01
     709  0.471692E+01  0.726066E+01    0.145E+01    0.299E+01
     710  0.479383E+01  0.723773E+01    0.145E+01    0.299E+01
     711  0.487170E+01  0.720507E+01    0.145E+01    0.299E+01
     712  0.495116E+01  0.718825E+01    0.145E+01    0.299E+01
     713  0.503073E+01  0.717186E+01    0.145E+01    0.299E+01
     714  0.510990E+01  0.715336E+01    0.145E+01    0.299E+01
     715  0.518920E+01  0.713257E+01    0.145E+01    0.299E+01
     716  0.526560E+01  0.709556E+01    0.145E+01    0.299E+01
     717  0.533886E+01  0.704259E+01    0.145E+01    0.299E+01
     718  0.541496E+01  0.700180E+01    0.145E+01    0.299E+01
     719  0.549180E+01  0.696857E+01    0.145E+01    0.299E+01
     720  0.556062E+01  0.692171E+01    0.145E+01    0.299E+01
     721  0.562585E+01  0.686744E+01    0.145E+01    0.299E+01
     722  0.570050E+01  0.682376E+01    0.145E+01    0.299E+01
     723  0.576818E+01  0.676290E+01    0.145E+01    0.299E+01
     724  0.583448E+01  0.669138E+01    0.145E+01    0.299E+01
     725  0.590842E+01  0.664334E+01    0.145E+01    0.299E+01
     726  0.598528E+01  0.660516E+01    0.145E+01    0.299E+01
     727  0.606298E+01  0.657228E+01    0.145E+01    0.299E+01
     728  0.614275E+01  0.655843E+01    0.145E+01    0.299E+01
     729  0.622236E+01  0.654547E+01    0.145E+01    0.299E+01
     730  0.184406E-01  0.652484E+01    0.145E+01    0.299E+01
     731  0.981188E-01  0.651024E+01    0.145E+01    0.299E+01
     732  0.178318E+00  0.650254E+01    0.145E+01    0.299E+01
     733  0.248356E+00  0.648590E+01    0.145E+01    0.299E+01
     734  0.315004E+00  0.647431E+01    0.145E+01    0.299E+01
     735  0.382933E+00  0.648055E+01    0.145E+01    0.299E+01
     736  0.464007E+00  0.648500E+01    0.145E+01    0.299E+01
     737  0.543101E+00  0.647002E+01    0.145E+01    0.299E+01
     738  0.621461E+00  0.646091E+01    0.145E+01    0.299E+01
     739  0.701091E+00  0.646670E+01    0.145E+01    0.299E+01
     740  0.781358E+00  0.647912E+01    0.145E+01    0.299E+01
     741  0.861531E+00  0.648892E+01    0.145E+01    0.299E+01
     742  0.941678E+00  0.648720E+01    0.145E+01    0.299E+01
     743  0.102054E+01  0.646921E+01    0.145E+01    0.299E+01
     744  0.110073E+01  0.646453E+01    0.145E+01    0.299E+01
     745  0.118055E+01  0.646821E+01    0.145E+01    0.299E+01
     746  0.126074E+01  0.646002E+01    0.145E+01    0.299E+01
     747  0.133981E+01  0.644272E+01    0.145E+01    0.299E+01
     748  0.141064E+01  0.643362E+01    0.145E+01    0.299E+01
     749  0.147793E+01  0.643046E+01    0.145E+01    0.299E+01
     750  0.154502E+01  0.643174E+01    0.145E+01    0.299E+01
     751  0.161246E+01  0.642730E+01    0.145E+01    0.299E+01
     752  0.167732E+01  0.640892E+01    0.145E+01    0.299E+01
     753  0.174299E+01  0.639661E+01    0.145E+01    0.299E+01
     754  0.182360E+01  0.640397E+01    0.145E+01    0.299E+01
     755  0.190359E+01  0.641242E+01    0.145E+01    0.299E+01
     756  0.198372E+01  0.641988E+01    0.145E+01    0.299E+01
     757  0.206325E+01  0.643892E+01    0.145E+01    0.299E+01
     758  0.214135E+01  0.647498E+01    0.145E+01    0.299E+01
     759  0.221641E+01  0.651563E+01    0.145E+01    0.299E+01
     760  0.229449E+01  0.654500E+01    0.145E+01    0.299E+01
     761  0.237433E+01  0.656071E+01    0.145E+01    0.299E+01
     762  0.245229E+01  0.658297E+01    0.145E+01    0.299E+01
     763  0.252863E+01  0.662305E+01    0.145E+01    0.299E+01
     764  0.260694E+01  0.665177E+01    0.145E+01    0.299E+01
     765  0.268730E+01  0.665676E+01    0.145E+01    0.299E+01
     766  0.276778E+01  0.665702E+01    0.145E+01    0.299E+01
     767  0.284713E+01  0.665975E+01    0.145E+01    0.299E+01
     768  0.292454E+01  0.665597E+01    0.145E+01    0.299E+01
     769  0.299142E+01  0.664551E+01    0.145E+01    0.299E+01
     770  0.305892E+01  0.664135E+01    0.145E+01    0.299E+01
     771  0.312946E+01  0.665271E+01    0.145E+01    0.299E+01
     772  0.320772E+01  0.667882E+01    0.145E+01    0.299E+01
     773  0.328553E+01  0.670899E+01    0.145E+01    0.299E+01
     774  0.336380E+01  0.673694E+01    0.145E+01    0.299E+01
     775  0.343743E+01  0.677737E+01    0.145E+01    0.299E+01
     776  0.348815E+01  0.685011E+01    0.145E+01    0.299E+01
     777  0.351623E+01  0.695019E+01    0.145E+01    0.299E+01
     778  0.352368E+01  0.707579E+01    0.145E+01    0.299E+01
     779  0.352940E+01  0.720609E+01    0.145E+01    0.299E+01
     780  0.354373E+01  0.733275E+01    0.145E+01    0.299E+01
     781  0.355403E+01  0.746762E+01    0.145E+01    0.299E+01
