     1    0.27901E+03    0.43876E-02    0.98353E-03    0.24476E-02    0.00000E+00   -0.25803E+02   -0.25785E+02   -0.25785E+02
     2    0.23998E+03    0.42878E-02    0.19007E-02    0.41595E-02    0.17328E-03   -0.25802E+02   -0.25783E+02   -0.25782E+02
     3    0.26116E+03    0.40293E-02    0.20607E-02    0.26311E-03    0.46404E-03   -0.25800E+02   -0.25784E+02   -0.25783E+02
     4    0.24960E+03    0.46312E-02    0.20294E-02    0.13750E-02    0.42449E-03   -0.25797E+02   -0.25779E+02   -0.25779E+02
     5    0.39371E+03    0.47949E-02    0.15239E-02    0.14409E-03    0.30628E-03   -0.25800E+02   -0.25778E+02   -0.25778E+02
     6    0.27672E+03    0.39732E-02    0.23541E-02    0.32932E-02    0.33372E-03   -0.25802E+02   -0.25782E+02   -0.25782E+02
     7    0.21289E+03    0.39135E-02    0.17063E-02    0.28296E-02    0.56426E-03   -0.25794E+02   -0.25777E+02   -0.25777E+02
     8    0.25490E+03    0.41343E-02    0.97085E-03    0.29355E-02    0.42738E-03   -0.25796E+02   -0.25778E+02   -0.25778E+02
     9    0.34313E+03    0.55763E-02    0.86252E-03    0.24453E-02    0.49141E-03   -0.25799E+02   -0.25777E+02   -0.25777E+02
    10    0.36294E+03    0.49628E-02    0.10205E-02    0.20938E-02    0.72711E-03   -0.25797E+02   -0.25775E+02   -0.25774E+02
    11    0.35386E+03    0.49627E-02    0.85695E-03    0.84007E-03    0.16749E-03   -0.25798E+02   -0.25778E+02   -0.25778E+02
    12    0.29547E+03    0.52992E-02    0.14135E-02    0.14505E-02    0.16862E-03   -0.25798E+02   -0.25778E+02   -0.25778E+02
    13    0.39372E+03    0.56991E-02    0.13950E-02    0.38431E-04    0.21887E-03   -0.25801E+02   -0.25779E+02   -0.25779E+02
    14    0.30661E+03    0.56741E-02    0.12636E-02    0.73942E-03    0.13954E-03   -0.25798E+02   -0.25779E+02   -0.25779E+02
    15    0.36141E+03    0.61836E-02    0.12328E-02    0.10400E-02    0.42138E-03   -0.25800E+02   -0.25778E+02   -0.25778E+02
    16    0.36223E+03    0.47626E-02    0.19828E-02    0.17138E-04    0.14690E-03   -0.25798E+02   -0.25778E+02   -0.25777E+02
    17    0.27545E+03    0.48757E-02    0.16831E-02    0.47982E-03    0.50200E-04   -0.25792E+02   -0.25774E+02   -0.25774E+02
    18    0.33387E+03    0.54633E-02    0.16299E-02    0.14210E-03    0.48450E-04   -0.25794E+02   -0.25774E+02   -0.25774E+02
    19    0.29650E+03    0.50122E-02    0.12923E-02    0.27971E-02    0.74355E-04   -0.25794E+02   -0.25773E+02   -0.25773E+02
    20    0.32682E+03    0.56192E-02    0.15345E-02    0.46981E-02    0.34595E-03   -0.25798E+02   -0.25773E+02   -0.25773E+02
    21    0.34516E+03    0.53418E-02    0.10653E-02    0.17094E-02    0.10025E-02   -0.25800E+02   -0.25779E+02   -0.25778E+02
    22    0.23615E+03    0.45436E-02    0.10029E-02    0.47278E-03    0.75323E-03   -0.25791E+02   -0.25776E+02   -0.25775E+02
    23    0.29823E+03    0.46091E-02    0.12146E-02    0.93224E-03    0.33905E-03   -0.25795E+02   -0.25776E+02   -0.25776E+02
    24    0.35548E+03    0.54053E-02    0.10219E-02    0.21096E-02    0.55599E-03   -0.25804E+02   -0.25782E+02   -0.25781E+02
    25    0.28068E+03    0.55427E-02    0.11775E-02    0.10166E-02    0.46124E-03   -0.25802E+02   -0.25783E+02   -0.25783E+02
    26    0.28986E+03    0.50349E-02    0.10296E-02    0.60650E-04    0.34840E-03   -0.25801E+02   -0.25784E+02   -0.25784E+02
    27    0.27104E+03    0.46829E-02    0.67312E-03    0.12777E-02    0.83862E-03   -0.25801E+02   -0.25784E+02   -0.25783E+02
    28    0.30326E+03    0.49189E-02    0.18189E-02    0.19700E-02    0.26501E-02   -0.25803E+02   -0.25783E+02   -0.25780E+02
    29    0.35369E+03    0.54344E-02    0.18464E-02    0.12972E-03    0.31881E-02   -0.25804E+02   -0.25784E+02   -0.25780E+02
    30    0.27582E+03    0.53846E-02    0.17104E-02    0.25417E-02    0.33083E-02   -0.25803E+02   -0.25783E+02   -0.25779E+02
    31    0.38070E+03    0.54751E-02    0.16722E-02    0.77575E-03    0.43343E-02   -0.25805E+02   -0.25783E+02   -0.25778E+02
    32    0.34759E+03    0.50012E-02    0.15664E-02    0.20792E-03    0.63317E-02   -0.25803E+02   -0.25783E+02   -0.25776E+02
    33    0.35994E+03    0.55019E-02    0.13473E-02    0.68058E-04    0.64534E-02   -0.25804E+02   -0.25783E+02   -0.25777E+02
    34    0.28216E+03    0.49538E-02    0.12260E-02    0.53516E-03    0.60743E-02   -0.25801E+02   -0.25783E+02   -0.25777E+02
    35    0.31768E+03    0.57107E-02    0.14289E-02    0.17029E-02    0.55377E-02   -0.25803E+02   -0.25781E+02   -0.25776E+02
    36    0.36412E+03    0.53326E-02    0.11302E-02    0.12668E-02    0.48295E-02   -0.25809E+02   -0.25788E+02   -0.25783E+02
    37    0.24078E+03    0.43410E-02    0.12355E-02    0.89822E-04    0.28527E-02   -0.25801E+02   -0.25787E+02   -0.25784E+02
    38    0.26862E+03    0.45075E-02    0.12734E-02    0.16443E-03    0.11014E-02   -0.25799E+02   -0.25783E+02   -0.25782E+02
    39    0.29632E+03    0.50287E-02    0.11077E-02    0.97293E-03    0.40169E-03   -0.25801E+02   -0.25783E+02   -0.25782E+02
    40    0.22977E+03    0.43344E-02    0.10042E-02    0.27238E-02    0.70687E-03   -0.25798E+02   -0.25781E+02   -0.25781E+02
    41    0.30002E+03    0.47819E-02    0.10715E-02    0.28925E-02    0.36913E-03   -0.25799E+02   -0.25779E+02   -0.25779E+02
    42    0.28451E+03    0.50809E-02    0.14281E-02    0.15354E-02    0.19112E-03   -0.25797E+02   -0.25778E+02   -0.25778E+02
    43    0.27514E+03    0.48421E-02    0.20796E-02    0.11495E-02    0.32649E-03   -0.25796E+02   -0.25778E+02   -0.25777E+02
    44    0.28640E+03    0.48630E-02    0.25535E-02    0.17201E-02    0.59814E-03   -0.25799E+02   -0.25779E+02   -0.25778E+02
    45    0.30553E+03    0.51523E-02    0.19895E-02    0.32267E-02    0.12699E-02   -0.25803E+02   -0.25781E+02   -0.25780E+02
    46    0.28161E+03    0.53193E-02    0.94914E-03    0.31792E-02    0.38584E-02   -0.25804E+02   -0.25784E+02   -0.25780E+02
    47    0.33578E+03    0.58265E-02    0.10709E-02    0.68112E-03    0.66217E-02   -0.25806E+02   -0.25785E+02   -0.25779E+02
    48    0.27777E+03    0.56968E-02    0.14560E-02    0.23773E-03    0.83485E-02   -0.25803E+02   -0.25785E+02   -0.25777E+02
    49    0.32956E+03    0.56515E-02    0.15444E-02    0.10925E-03    0.74925E-02   -0.25804E+02   -0.25784E+02   -0.25777E+02
    50    0.39914E+03    0.59112E-02    0.13112E-02    0.37943E-03    0.71315E-02   -0.25808E+02   -0.25785E+02   -0.25778E+02
    51    0.31237E+03    0.49458E-02    0.10976E-02    0.11193E-02    0.86563E-02   -0.25809E+02   -0.25790E+02   -0.25781E+02
    52    0.26916E+03    0.55462E-02    0.10656E-02    0.90658E-03    0.95660E-02   -0.25805E+02   -0.25787E+02   -0.25777E+02
    53    0.25827E+03    0.50194E-02    0.15554E-02    0.39479E-03    0.98181E-02   -0.25803E+02   -0.25786E+02   -0.25776E+02
    54    0.31985E+03    0.52402E-02    0.13334E-02    0.43026E-03    0.83822E-02   -0.25805E+02   -0.25786E+02   -0.25777E+02
    55    0.27685E+03    0.41941E-02    0.14704E-02    0.42772E-03    0.84582E-02   -0.25801E+02   -0.25785E+02   -0.25776E+02
    56    0.27853E+03    0.47137E-02    0.22430E-02    0.19037E-02    0.72090E-02   -0.25802E+02   -0.25782E+02   -0.25775E+02
    57    0.22605E+03    0.46543E-02    0.25313E-02    0.31486E-02    0.49122E-02   -0.25798E+02   -0.25779E+02   -0.25774E+02
    58    0.34830E+03    0.52575E-02    0.26849E-02    0.16135E-02    0.17251E-02   -0.25799E+02   -0.25776E+02   -0.25775E+02
    59    0.24898E+03    0.45044E-02    0.21213E-02    0.19559E-02    0.52097E-03   -0.25793E+02   -0.25775E+02   -0.25774E+02
    60    0.26025E+03    0.46626E-02    0.13785E-02    0.14504E-02    0.11196E-03   -0.25792E+02   -0.25775E+02   -0.25775E+02
    61    0.29514E+03    0.49432E-02    0.88735E-03    0.30234E-02    0.15717E-03   -0.25794E+02   -0.25774E+02   -0.25774E+02
    62    0.30947E+03    0.55969E-02    0.12490E-02    0.33262E-02    0.65233E-03   -0.25795E+02   -0.25773E+02   -0.25772E+02
    63    0.35649E+03    0.62475E-02    0.19826E-02    0.17001E-02    0.88445E-03   -0.25797E+02   -0.25773E+02   -0.25773E+02
    64    0.28876E+03    0.51736E-02    0.19554E-02    0.92707E-03    0.26217E-02   -0.25790E+02   -0.25771E+02   -0.25769E+02
    65    0.36709E+03    0.62308E-02    0.15219E-02    0.90693E-03    0.52859E-02   -0.25796E+02   -0.25773E+02   -0.25768E+02
    66    0.32210E+03    0.51582E-02    0.20062E-02    0.25717E-02    0.79754E-02   -0.25800E+02   -0.25778E+02   -0.25770E+02
    67    0.23977E+03    0.55730E-02    0.17853E-02    0.26487E-02    0.99011E-02   -0.25799E+02   -0.25780E+02   -0.25770E+02
    68    0.29612E+03    0.57208E-02    0.17637E-02    0.10011E-02    0.10467E-01   -0.25796E+02   -0.25776E+02   -0.25766E+02
    69    0.33973E+03    0.65662E-02    0.10719E-02    0.73443E-03    0.85886E-02   -0.25798E+02   -0.25776E+02   -0.25767E+02
    70    0.24727E+03    0.52167E-02    0.12597E-02    0.32751E-02    0.44560E-02   -0.25793E+02   -0.25774E+02   -0.25769E+02
    71    0.26097E+03    0.51276E-02    0.11694E-02    0.88385E-02    0.18934E-02   -0.25796E+02   -0.25770E+02   -0.25768E+02
    72    0.26241E+03    0.49797E-02    0.16124E-02    0.95812E-02    0.11786E-02   -0.25794E+02   -0.25768E+02   -0.25767E+02
    73    0.29175E+03    0.57317E-02    0.19283E-02    0.26519E-02    0.27894E-02   -0.25791E+02   -0.25769E+02   -0.25766E+02
    74    0.21531E+03    0.49372E-02    0.22315E-02    0.22279E-02    0.14664E-02   -0.25785E+02   -0.25768E+02   -0.25766E+02
    75    0.20430E+03    0.46429E-02    0.14198E-02    0.34139E-02    0.12284E-02   -0.25783E+02   -0.25766E+02   -0.25764E+02
    76    0.29372E+03    0.48706E-02    0.17427E-02    0.39079E-02    0.71490E-03   -0.25784E+02   -0.25763E+02   -0.25762E+02
    77    0.24827E+03    0.48983E-02    0.16931E-02    0.22201E-02    0.31301E-03   -0.25779E+02   -0.25761E+02   -0.25761E+02
    78    0.25483E+03    0.51658E-02    0.16533E-02    0.12105E-02    0.44055E-03   -0.25779E+02   -0.25762E+02   -0.25761E+02
    79    0.25314E+03    0.56735E-02    0.12932E-02    0.20406E-02    0.37907E-03   -0.25781E+02   -0.25762E+02   -0.25762E+02
    80    0.35103E+03    0.68315E-02    0.98271E-03    0.38424E-02    0.51515E-03   -0.25789E+02   -0.25764E+02   -0.25763E+02
    81    0.36757E+03    0.68669E-02    0.14062E-02    0.38805E-02    0.10545E-02   -0.25791E+02   -0.25765E+02   -0.25764E+02
    82    0.26600E+03    0.61566E-02    0.14643E-02    0.28305E-02    0.19043E-02   -0.25788E+02   -0.25768E+02   -0.25766E+02
    83    0.34787E+03    0.64046E-02    0.17591E-02    0.24365E-02    0.33214E-02   -0.25794E+02   -0.25770E+02   -0.25766E+02
    84    0.36532E+03    0.62337E-02    0.26861E-02    0.26013E-02    0.44719E-02   -0.25797E+02   -0.25771E+02   -0.25767E+02
    85    0.29549E+03    0.55063E-02    0.27101E-02    0.40140E-02    0.46856E-02   -0.25798E+02   -0.25774E+02   -0.25769E+02
    86    0.26479E+03    0.55825E-02    0.23512E-02    0.29422E-02    0.71651E-02   -0.25798E+02   -0.25777E+02   -0.25770E+02
    87    0.37267E+03    0.62950E-02    0.17754E-02    0.10248E-02    0.10536E-01   -0.25803E+02   -0.25779E+02   -0.25769E+02
    88    0.28393E+03    0.56630E-02    0.18535E-02    0.91752E-03    0.13242E-01   -0.25803E+02   -0.25784E+02   -0.25771E+02
    89    0.21944E+03    0.48962E-02    0.15414E-02    0.16742E-02    0.13786E-01   -0.25802E+02   -0.25785E+02   -0.25772E+02
    90    0.24972E+03    0.50864E-02    0.23176E-02    0.51354E-03    0.12188E-01   -0.25803E+02   -0.25785E+02   -0.25773E+02
    91    0.28026E+03    0.59662E-02    0.22686E-02    0.29888E-04    0.10530E-01   -0.25804E+02   -0.25785E+02   -0.25774E+02
    92    0.31448E+03    0.59975E-02    0.25075E-02    0.75089E-04    0.10773E-01   -0.25805E+02   -0.25785E+02   -0.25774E+02
    93    0.22974E+03    0.56752E-02    0.20544E-02    0.37569E-03    0.10406E-01   -0.25802E+02   -0.25785E+02   -0.25775E+02
    94    0.27125E+03    0.53516E-02    0.12589E-02    0.20293E-03    0.78888E-02   -0.25803E+02   -0.25786E+02   -0.25778E+02
    95    0.35859E+03    0.59452E-02    0.12334E-02    0.63888E-03    0.51733E-02   -0.25806E+02   -0.25785E+02   -0.25780E+02
    96    0.36105E+03    0.69829E-02    0.12435E-02    0.10785E-02    0.49459E-02   -0.25807E+02   -0.25784E+02   -0.25779E+02
    97    0.33969E+03    0.67052E-02    0.15130E-02    0.52645E-03    0.48094E-02   -0.25804E+02   -0.25782E+02   -0.25777E+02
    98    0.39223E+03    0.70389E-02    0.25187E-02    0.70403E-03    0.31541E-02   -0.25805E+02   -0.25780E+02   -0.25777E+02
    99    0.36670E+03    0.65442E-02    0.18430E-02    0.19512E-02    0.14104E-02   -0.25804E+02   -0.25779E+02   -0.25778E+02
   100    0.29549E+03    0.52825E-02    0.12679E-02    0.19559E-02    0.93415E-03   -0.25799E+02   -0.25780E+02   -0.25779E+02
   101    0.29731E+03    0.58129E-02    0.10031E-02    0.14659E-02    0.65323E-03   -0.25800E+02   -0.25780E+02   -0.25779E+02
   102    0.30399E+03    0.62206E-02    0.12999E-02    0.23005E-02    0.53749E-03   -0.25801E+02   -0.25780E+02   -0.25779E+02
   103    0.28302E+03    0.61220E-02    0.15399E-02    0.38756E-02    0.98156E-03   -0.25801E+02   -0.25779E+02   -0.25778E+02
   104    0.27824E+03    0.54195E-02    0.21781E-02    0.43704E-02    0.57727E-03   -0.25801E+02   -0.25778E+02   -0.25778E+02
   105    0.30046E+03    0.55011E-02    0.21083E-02    0.32941E-02    0.70181E-03   -0.25802E+02   -0.25780E+02   -0.25779E+02
   106    0.22140E+03    0.52231E-02    0.25573E-02    0.20662E-02    0.23949E-02   -0.25800E+02   -0.25782E+02   -0.25779E+02
   107    0.26356E+03    0.60005E-02    0.16294E-02    0.13634E-02    0.44291E-02   -0.25803E+02   -0.25784E+02   -0.25779E+02
   108    0.30449E+03    0.64096E-02    0.13646E-02    0.10147E-02    0.70779E-02   -0.25805E+02   -0.25785E+02   -0.25778E+02
   109    0.23553E+03    0.52965E-02    0.13293E-02    0.54638E-03    0.95517E-02   -0.25802E+02   -0.25786E+02   -0.25777E+02
   110    0.24714E+03    0.46966E-02    0.15476E-02    0.20750E-03    0.10975E-01   -0.25802E+02   -0.25786E+02   -0.25776E+02
   111    0.24248E+03    0.54697E-02    0.11485E-02    0.10847E-02    0.74766E-02   -0.25803E+02   -0.25786E+02   -0.25778E+02
   112    0.21900E+03    0.54387E-02    0.12693E-02    0.25535E-02    0.36053E-02   -0.25801E+02   -0.25783E+02   -0.25780E+02
   113    0.24928E+03    0.60373E-02    0.14445E-02    0.34685E-02    0.11351E-02   -0.25801E+02   -0.25780E+02   -0.25779E+02
   114    0.24537E+03    0.56398E-02    0.16497E-02    0.39633E-02    0.24738E-03   -0.25799E+02   -0.25778E+02   -0.25778E+02
   115    0.26627E+03    0.53901E-02    0.20643E-02    0.27983E-02    0.41632E-03   -0.25798E+02   -0.25777E+02   -0.25777E+02
   116    0.30177E+03    0.59623E-02    0.18670E-02    0.12658E-02    0.13467E-02   -0.25799E+02   -0.25778E+02   -0.25777E+02
   117    0.24380E+03    0.57258E-02    0.20790E-02    0.71104E-03    0.14976E-02   -0.25796E+02   -0.25778E+02   -0.25777E+02
   118    0.25259E+03    0.59322E-02    0.20786E-02    0.91723E-03    0.12862E-02   -0.25792E+02   -0.25774E+02   -0.25772E+02
   119    0.25644E+03    0.60070E-02    0.15344E-02    0.19024E-02    0.10906E-02   -0.25792E+02   -0.25773E+02   -0.25772E+02
   120    0.37696E+03    0.67748E-02    0.14066E-02    0.29546E-02    0.61476E-03   -0.25796E+02   -0.25771E+02   -0.25770E+02
   121    0.36396E+03    0.68255E-02    0.14251E-02    0.25064E-02    0.50998E-03   -0.25793E+02   -0.25768E+02   -0.25768E+02
   122    0.35033E+03    0.68862E-02    0.13680E-02    0.22996E-02    0.18477E-03   -0.25791E+02   -0.25767E+02   -0.25767E+02
   123    0.28412E+03    0.61073E-02    0.13409E-02    0.32878E-02    0.38573E-03   -0.25789E+02   -0.25768E+02   -0.25767E+02
   124    0.24066E+03    0.57909E-02    0.10042E-02    0.37411E-02    0.71041E-03   -0.25790E+02   -0.25770E+02   -0.25769E+02
   125    0.32773E+03    0.56324E-02    0.12674E-02    0.45985E-02    0.22161E-02   -0.25796E+02   -0.25772E+02   -0.25770E+02
   126    0.30057E+03    0.56529E-02    0.18782E-02    0.18992E-02    0.49399E-02   -0.25795E+02   -0.25774E+02   -0.25769E+02
   127    0.25386E+03    0.56407E-02    0.18891E-02    0.11829E-02    0.63270E-02   -0.25794E+02   -0.25776E+02   -0.25769E+02
   128    0.35831E+03    0.66571E-02    0.24672E-02    0.16871E-02    0.85251E-02   -0.25801E+02   -0.25777E+02   -0.25768E+02
   129    0.32656E+03    0.61346E-02    0.16757E-02    0.21790E-02    0.12245E-01   -0.25803E+02   -0.25780E+02   -0.25768E+02
   130    0.30080E+03    0.62957E-02    0.12403E-02    0.64344E-03    0.17306E-01   -0.25802E+02   -0.25782E+02   -0.25765E+02
   131    0.27376E+03    0.62369E-02    0.11982E-02    0.13085E-02    0.18277E-01   -0.25801E+02   -0.25782E+02   -0.25764E+02
   132    0.37825E+03    0.69955E-02    0.11831E-02    0.23706E-02    0.14463E-01   -0.25805E+02   -0.25780E+02   -0.25765E+02
   133    0.34802E+03    0.66911E-02    0.99020E-03    0.19850E-02    0.81725E-02   -0.25801E+02   -0.25778E+02   -0.25770E+02
   134    0.34434E+03    0.65532E-02    0.12063E-02    0.19683E-02    0.52375E-02   -0.25799E+02   -0.25777E+02   -0.25771E+02
   135    0.34018E+03    0.60354E-02    0.13399E-02    0.31870E-02    0.49691E-02   -0.25799E+02   -0.25775E+02   -0.25770E+02
   136    0.31109E+03    0.64767E-02    0.14116E-02    0.35926E-02    0.47267E-02   -0.25797E+02   -0.25774E+02   -0.25769E+02
   137    0.37215E+03    0.62821E-02    0.14445E-02    0.37194E-02    0.42568E-02   -0.25802E+02   -0.25776E+02   -0.25772E+02
   138    0.35449E+03    0.64650E-02    0.11573E-02    0.35487E-02    0.42023E-02   -0.25799E+02   -0.25775E+02   -0.25771E+02
   139    0.25733E+03    0.55440E-02    0.16365E-02    0.21838E-02    0.33626E-02   -0.25793E+02   -0.25774E+02   -0.25770E+02
   140    0.31960E+03    0.58132E-02    0.21779E-02    0.19391E-02    0.98609E-03   -0.25794E+02   -0.25772E+02   -0.25771E+02
   141    0.26463E+03    0.57594E-02    0.23915E-02    0.24106E-02    0.28808E-03   -0.25792E+02   -0.25771E+02   -0.25771E+02
   142    0.25746E+03    0.62071E-02    0.17453E-02    0.28316E-02    0.96367E-03   -0.25794E+02   -0.25773E+02   -0.25772E+02
   143    0.28842E+03    0.65147E-02    0.16419E-02    0.21639E-02    0.13363E-02   -0.25797E+02   -0.25776E+02   -0.25774E+02
   144    0.31345E+03    0.61242E-02    0.11655E-02    0.26595E-02    0.30809E-02   -0.25800E+02   -0.25778E+02   -0.25775E+02
   145    0.33282E+03    0.69316E-02    0.13949E-02    0.34772E-02    0.53239E-02   -0.25802E+02   -0.25778E+02   -0.25773E+02
   146    0.29465E+03    0.63430E-02    0.11726E-02    0.46391E-02    0.63994E-02   -0.25802E+02   -0.25779E+02   -0.25772E+02
   147    0.27388E+03    0.62460E-02    0.92681E-03    0.46051E-02    0.97948E-02   -0.25803E+02   -0.25781E+02   -0.25771E+02
   148    0.20647E+03    0.57105E-02    0.17824E-02    0.29794E-02    0.12125E-01   -0.25801E+02   -0.25783E+02   -0.25771E+02
   149    0.30190E+03    0.72944E-02    0.15397E-02    0.16006E-02    0.13298E-01   -0.25803E+02   -0.25782E+02   -0.25768E+02
   150    0.34641E+03    0.67725E-02    0.12898E-02    0.66120E-03    0.12886E-01   -0.25805E+02   -0.25783E+02   -0.25770E+02
   151    0.24886E+03    0.66184E-02    0.12596E-02    0.30300E-03    0.10119E-01   -0.25802E+02   -0.25784E+02   -0.25774E+02
   152    0.26624E+03    0.66811E-02    0.97509E-03    0.14203E-03    0.85491E-02   -0.25803E+02   -0.25785E+02   -0.25776E+02
   153    0.26017E+03    0.60980E-02    0.74662E-03    0.86093E-03    0.85918E-02   -0.25802E+02   -0.25784E+02   -0.25776E+02
   154    0.29028E+03    0.59824E-02    0.13773E-02    0.14487E-02    0.10912E-01   -0.25802E+02   -0.25782E+02   -0.25771E+02
   155    0.31627E+03    0.62038E-02    0.15178E-02    0.63591E-03    0.10637E-01   -0.25801E+02   -0.25781E+02   -0.25770E+02
   156    0.21745E+03    0.58865E-02    0.25032E-02    0.51420E-03    0.94646E-02   -0.25796E+02   -0.25779E+02   -0.25769E+02
   157    0.25128E+03    0.60514E-02    0.23997E-02    0.11856E-02    0.57730E-02   -0.25797E+02   -0.25778E+02   -0.25772E+02
   158    0.27020E+03    0.59825E-02    0.25063E-02    0.28779E-02    0.28999E-02   -0.25797E+02   -0.25775E+02   -0.25772E+02
   159    0.21604E+03    0.55268E-02    0.21024E-02    0.38136E-02    0.14243E-02   -0.25792E+02   -0.25772E+02   -0.25771E+02
   160    0.25889E+03    0.58947E-02    0.11136E-02    0.41306E-02    0.60757E-03   -0.25792E+02   -0.25771E+02   -0.25771E+02
   161    0.24980E+03    0.61057E-02    0.10238E-02    0.43100E-02    0.27673E-03   -0.25791E+02   -0.25770E+02   -0.25770E+02
   162    0.30244E+03    0.67318E-02    0.12108E-02    0.54317E-02    0.67034E-03   -0.25795E+02   -0.25770E+02   -0.25769E+02
   163    0.26040E+03    0.64223E-02    0.17736E-02    0.80617E-02    0.23110E-02   -0.25795E+02   -0.25769E+02   -0.25767E+02
   164    0.28408E+03    0.68248E-02    0.20556E-02    0.10348E-01    0.33485E-02   -0.25800E+02   -0.25770E+02   -0.25767E+02
   165    0.30503E+03    0.63401E-02    0.24027E-02    0.57170E-02    0.60314E-02   -0.25798E+02   -0.25772E+02   -0.25766E+02
   166    0.25319E+03    0.67613E-02    0.18039E-02    0.34194E-02    0.67242E-02   -0.25795E+02   -0.25773E+02   -0.25766E+02
   167    0.36598E+03    0.77858E-02    0.12288E-02    0.40110E-02    0.42369E-02   -0.25799E+02   -0.25772E+02   -0.25768E+02
   168    0.31600E+03    0.73138E-02    0.10744E-02    0.50260E-02    0.20684E-02   -0.25799E+02   -0.25774E+02   -0.25771E+02
   169    0.30577E+03    0.63168E-02    0.10759E-02    0.38523E-02    0.17421E-02   -0.25794E+02   -0.25772E+02   -0.25770E+02
   170    0.29788E+03    0.65308E-02    0.88902E-03    0.23654E-02    0.16583E-02   -0.25792E+02   -0.25771E+02   -0.25769E+02
   171    0.22732E+03    0.56442E-02    0.13848E-02    0.22091E-02    0.77787E-03   -0.25787E+02   -0.25769E+02   -0.25768E+02
   172    0.24025E+03    0.60632E-02    0.15096E-02    0.25753E-02    0.21672E-03   -0.25788E+02   -0.25768E+02   -0.25768E+02
   173    0.28652E+03    0.63931E-02    0.17706E-02    0.35152E-02    0.49986E-03   -0.25791E+02   -0.25768E+02   -0.25768E+02
   174    0.34458E+03    0.67676E-02    0.17051E-02    0.35008E-02    0.18133E-02   -0.25795E+02   -0.25770E+02   -0.25768E+02
   175    0.32751E+03    0.60373E-02    0.14637E-02    0.40038E-02    0.28036E-02   -0.25801E+02   -0.25777E+02   -0.25774E+02
   176    0.30027E+03    0.63507E-02    0.13520E-02    0.40952E-02    0.62143E-02   -0.25803E+02   -0.25779E+02   -0.25773E+02
   177    0.27658E+03    0.71702E-02    0.17634E-02    0.70506E-02    0.62800E-02   -0.25804E+02   -0.25778E+02   -0.25771E+02
   178    0.25480E+03    0.65809E-02    0.11701E-02    0.10421E-01    0.44162E-02   -0.25802E+02   -0.25775E+02   -0.25770E+02
   179    0.30198E+03    0.66713E-02    0.20048E-02    0.86417E-02    0.49461E-02   -0.25802E+02   -0.25773E+02   -0.25768E+02
   180    0.32623E+03    0.63508E-02    0.16991E-02    0.43624E-02    0.76015E-02   -0.25799E+02   -0.25774E+02   -0.25767E+02
   181    0.30418E+03    0.67016E-02    0.14263E-02    0.19292E-02    0.10999E-01   -0.25797E+02   -0.25776E+02   -0.25765E+02
   182    0.28432E+03    0.65669E-02    0.13652E-02    0.15581E-02    0.15801E-01   -0.25797E+02   -0.25776E+02   -0.25761E+02
   183    0.22111E+03    0.62968E-02    0.16181E-02    0.38785E-02    0.16451E-01   -0.25795E+02   -0.25775E+02   -0.25758E+02
   184    0.29524E+03    0.61343E-02    0.17871E-02    0.42445E-02    0.12547E-01   -0.25794E+02   -0.25771E+02   -0.25758E+02
   185    0.30484E+03    0.66066E-02    0.12477E-02    0.12556E-02    0.69762E-02   -0.25789E+02   -0.25769E+02   -0.25762E+02
   186    0.22216E+03    0.60110E-02    0.12312E-02    0.26212E-02    0.33367E-02   -0.25785E+02   -0.25767E+02   -0.25764E+02
   187    0.24860E+03    0.60397E-02    0.78072E-03    0.99429E-02    0.13550E-02   -0.25790E+02   -0.25764E+02   -0.25763E+02
   188    0.22883E+03    0.59534E-02    0.20008E-02    0.14104E-01    0.88928E-03   -0.25791E+02   -0.25760E+02   -0.25759E+02
   189    0.26411E+03    0.63085E-02    0.25962E-02    0.79256E-02    0.33085E-02   -0.25789E+02   -0.25762E+02   -0.25758E+02
   190    0.36498E+03    0.66735E-02    0.20555E-02    0.68617E-02    0.15860E-02   -0.25791E+02   -0.25762E+02   -0.25760E+02
   191    0.27031E+03    0.67434E-02    0.23177E-02    0.77366E-02    0.61196E-03   -0.25790E+02   -0.25763E+02   -0.25762E+02
   192    0.24757E+03    0.66687E-02    0.18478E-02    0.35344E-02    0.15376E-02   -0.25788E+02   -0.25767E+02   -0.25765E+02
   193    0.24394E+03    0.62768E-02    0.12859E-02    0.26121E-02    0.36656E-02   -0.25788E+02   -0.25768E+02   -0.25765E+02
   194    0.28927E+03    0.66698E-02    0.16373E-02    0.27099E-02    0.58187E-02   -0.25790E+02   -0.25768E+02   -0.25763E+02
   195    0.32295E+03    0.69202E-02    0.24586E-02    0.27388E-02    0.62188E-02   -0.25794E+02   -0.25769E+02   -0.25763E+02
   196    0.28509E+03    0.64995E-02    0.18940E-02    0.27008E-02    0.73387E-02   -0.25793E+02   -0.25771E+02   -0.25764E+02
   197    0.31221E+03    0.69241E-02    0.12692E-02    0.31995E-02    0.79708E-02   -0.25797E+02   -0.25774E+02   -0.25766E+02
   198    0.29488E+03    0.64987E-02    0.80431E-03    0.54103E-02    0.10855E-01   -0.25801E+02   -0.25777E+02   -0.25766E+02
   199    0.24318E+03    0.59441E-02    0.70234E-03    0.70103E-02    0.15407E-01   -0.25803E+02   -0.25780E+02   -0.25765E+02
   200    0.27737E+03    0.63030E-02    0.97197E-03    0.62840E-02    0.16947E-01   -0.25804E+02   -0.25780E+02   -0.25763E+02
   201    0.27559E+03    0.64951E-02    0.11589E-02    0.20990E-02    0.17213E-01   -0.25800E+02   -0.25779E+02   -0.25762E+02
   202    0.27590E+03    0.64046E-02    0.12921E-02    0.89604E-03    0.16599E-01   -0.25800E+02   -0.25781E+02   -0.25764E+02
   203    0.30278E+03    0.63138E-02    0.10914E-02    0.13981E-03    0.15879E-01   -0.25800E+02   -0.25781E+02   -0.25766E+02
   204    0.30709E+03    0.62549E-02    0.93889E-03    0.36400E-03    0.18344E-01   -0.25802E+02   -0.25782E+02   -0.25764E+02
   205    0.29904E+03    0.65991E-02    0.91741E-03    0.10647E-03    0.20166E-01   -0.25801E+02   -0.25782E+02   -0.25762E+02
   206    0.28601E+03    0.59704E-02    0.14391E-02    0.14935E-03    0.23720E-01   -0.25801E+02   -0.25782E+02   -0.25759E+02
   207    0.27395E+03    0.65780E-02    0.10694E-02    0.78140E-03    0.26071E-01   -0.25801E+02   -0.25782E+02   -0.25756E+02
   208    0.33542E+03    0.70119E-02    0.27877E-02    0.84715E-03    0.25771E-01   -0.25803E+02   -0.25779E+02   -0.25753E+02
   209    0.32071E+03    0.71919E-02    0.22417E-02    0.19812E-03    0.17709E-01   -0.25801E+02   -0.25779E+02   -0.25762E+02
   210    0.29672E+03    0.68839E-02    0.26565E-02    0.69337E-03    0.12566E-01   -0.25800E+02   -0.25779E+02   -0.25766E+02
   211    0.31627E+03    0.67777E-02    0.19401E-02    0.35822E-02    0.89190E-02   -0.25802E+02   -0.25778E+02   -0.25769E+02
   212    0.29464E+03    0.64895E-02    0.20078E-02    0.32359E-02    0.58352E-02   -0.25797E+02   -0.25775E+02   -0.25769E+02
   213    0.30525E+03    0.66064E-02    0.18081E-02    0.21867E-02    0.45399E-02   -0.25795E+02   -0.25772E+02   -0.25768E+02
   214    0.31533E+03    0.70391E-02    0.18291E-02    0.48241E-02    0.38952E-02   -0.25795E+02   -0.25770E+02   -0.25766E+02
   215    0.36138E+03    0.74402E-02    0.18140E-02    0.74270E-02    0.25068E-02   -0.25796E+02   -0.25766E+02   -0.25763E+02
   216    0.33532E+03    0.72477E-02    0.19481E-02    0.80189E-02    0.12106E-02   -0.25791E+02   -0.25762E+02   -0.25760E+02
   217    0.28402E+03    0.66691E-02    0.10870E-02    0.13472E-01    0.23813E-03   -0.25790E+02   -0.25758E+02   -0.25758E+02
   218    0.34423E+03    0.70689E-02    0.11793E-02    0.13426E-01    0.35535E-03   -0.25791E+02   -0.25756E+02   -0.25755E+02
   219    0.39344E+03    0.72802E-02    0.17523E-02    0.87467E-02    0.28692E-02   -0.25790E+02   -0.25758E+02   -0.25755E+02
   220    0.34953E+03    0.71517E-02    0.18519E-02    0.10284E-01    0.36581E-02   -0.25792E+02   -0.25760E+02   -0.25756E+02
   221    0.36734E+03    0.69792E-02    0.15162E-02    0.86674E-02    0.29755E-02   -0.25793E+02   -0.25762E+02   -0.25759E+02
   222    0.37349E+03    0.78510E-02    0.13946E-02    0.47681E-02    0.31456E-02   -0.25791E+02   -0.25763E+02   -0.25760E+02
   223    0.36759E+03    0.80395E-02    0.16283E-02    0.64882E-02    0.21941E-02   -0.25796E+02   -0.25766E+02   -0.25764E+02
   224    0.33761E+03    0.72891E-02    0.22392E-02    0.71663E-02    0.17282E-02   -0.25796E+02   -0.25766E+02   -0.25765E+02
   225    0.31238E+03    0.67568E-02    0.20388E-02    0.37985E-02    0.32937E-02   -0.25792E+02   -0.25768E+02   -0.25765E+02
   226    0.36997E+03    0.69952E-02    0.12510E-02    0.25944E-02    0.36031E-02   -0.25793E+02   -0.25769E+02   -0.25765E+02
   227    0.32942E+03    0.66643E-02    0.13356E-02    0.48999E-02    0.15767E-02   -0.25792E+02   -0.25767E+02   -0.25765E+02
   228    0.27547E+03    0.68502E-02    0.18004E-02    0.65706E-02    0.11341E-02   -0.25791E+02   -0.25766E+02   -0.25765E+02
   229    0.28398E+03    0.70649E-02    0.20712E-02    0.62267E-02    0.26293E-02   -0.25794E+02   -0.25767E+02   -0.25765E+02
   230    0.32487E+03    0.76708E-02    0.15719E-02    0.48851E-02    0.47103E-02   -0.25798E+02   -0.25771E+02   -0.25766E+02
   231    0.33595E+03    0.74657E-02    0.14174E-02    0.36992E-02    0.63073E-02   -0.25800E+02   -0.25774E+02   -0.25768E+02
   232    0.32264E+03    0.65429E-02    0.10517E-02    0.26974E-02    0.79667E-02   -0.25800E+02   -0.25777E+02   -0.25769E+02
   233    0.30459E+03    0.69174E-02    0.20791E-02    0.28738E-02    0.95987E-02   -0.25801E+02   -0.25777E+02   -0.25767E+02
   234    0.34031E+03    0.67847E-02    0.17556E-02    0.35988E-02    0.10375E-01   -0.25802E+02   -0.25777E+02   -0.25767E+02
   235    0.25636E+03    0.64765E-02    0.15133E-02    0.16176E-02    0.12462E-01   -0.25799E+02   -0.25780E+02   -0.25767E+02
   236    0.29010E+03    0.67458E-02    0.10634E-02    0.10727E-02    0.14061E-01   -0.25802E+02   -0.25781E+02   -0.25767E+02
   237    0.29459E+03    0.63427E-02    0.15610E-02    0.36091E-02    0.14555E-01   -0.25803E+02   -0.25780E+02   -0.25765E+02
   238    0.33496E+03    0.67525E-02    0.19401E-02    0.45511E-02    0.11729E-01   -0.25802E+02   -0.25777E+02   -0.25765E+02
   239    0.36785E+03    0.69292E-02    0.27470E-02    0.45773E-02    0.86204E-02   -0.25802E+02   -0.25774E+02   -0.25765E+02
   240    0.30934E+03    0.71084E-02    0.21687E-02    0.27299E-02    0.75169E-02   -0.25797E+02   -0.25774E+02   -0.25766E+02
   241    0.35206E+03    0.70315E-02    0.16230E-02    0.27901E-02    0.59507E-02   -0.25797E+02   -0.25772E+02   -0.25766E+02
   242    0.34304E+03    0.70212E-02    0.15123E-02    0.32716E-02    0.33046E-02   -0.25798E+02   -0.25773E+02   -0.25770E+02
   243    0.26540E+03    0.65124E-02    0.13486E-02    0.55772E-02    0.14098E-02   -0.25794E+02   -0.25770E+02   -0.25769E+02
   244    0.29296E+03    0.65332E-02    0.16115E-02    0.79491E-02    0.46220E-03   -0.25794E+02   -0.25767E+02   -0.25766E+02
   245    0.32415E+03    0.69594E-02    0.13688E-02    0.44643E-02    0.10256E-02   -0.25790E+02   -0.25765E+02   -0.25764E+02
   246    0.30820E+03    0.68307E-02    0.12715E-02    0.95970E-03    0.89132E-03   -0.25784E+02   -0.25763E+02   -0.25762E+02
   247    0.34307E+03    0.73547E-02    0.13667E-02    0.14598E-02    0.43439E-03   -0.25785E+02   -0.25762E+02   -0.25761E+02
   248    0.25978E+03    0.66222E-02    0.16234E-02    0.38559E-02    0.75754E-03   -0.25783E+02   -0.25761E+02   -0.25760E+02
   249    0.29131E+03    0.66764E-02    0.10290E-02    0.19499E-02    0.20734E-02   -0.25783E+02   -0.25762E+02   -0.25760E+02
   250    0.32676E+03    0.66073E-02    0.75049E-03    0.19182E-02    0.47108E-02   -0.25785E+02   -0.25763E+02   -0.25758E+02
   251    0.31844E+03    0.68148E-02    0.99169E-03    0.67866E-02    0.55797E-02   -0.25789E+02   -0.25762E+02   -0.25756E+02
   252    0.25247E+03    0.63468E-02    0.11798E-02    0.87084E-02    0.48430E-02   -0.25787E+02   -0.25762E+02   -0.25757E+02
   253    0.23427E+03    0.64684E-02    0.10339E-02    0.28633E-02    0.36444E-02   -0.25783E+02   -0.25763E+02   -0.25760E+02
   254    0.23739E+03    0.60697E-02    0.11879E-02    0.18367E-02    0.27578E-02   -0.25783E+02   -0.25764E+02   -0.25762E+02
   255    0.23772E+03    0.65095E-02    0.12961E-02    0.44489E-02    0.18441E-02   -0.25783E+02   -0.25761E+02   -0.25759E+02
   256    0.26736E+03    0.59883E-02    0.12329E-02    0.53336E-02    0.31530E-02   -0.25785E+02   -0.25762E+02   -0.25759E+02
   257    0.24015E+03    0.61591E-02    0.15390E-02    0.14289E-02    0.46592E-02   -0.25782E+02   -0.25764E+02   -0.25759E+02
   258    0.24886E+03    0.65192E-02    0.14677E-02    0.19054E-02    0.67126E-02   -0.25784E+02   -0.25765E+02   -0.25758E+02
   259    0.22139E+03    0.60847E-02    0.20149E-02    0.45737E-02    0.80013E-02   -0.25788E+02   -0.25767E+02   -0.25759E+02
   260    0.27859E+03    0.65531E-02    0.23879E-02    0.56983E-02    0.91282E-02   -0.25788E+02   -0.25763E+02   -0.25754E+02
   261    0.30537E+03    0.72798E-02    0.24231E-02    0.25274E-02    0.83347E-02   -0.25790E+02   -0.25766E+02   -0.25758E+02
   262    0.32365E+03    0.67204E-02    0.23804E-02    0.13806E-02    0.95644E-02   -0.25794E+02   -0.25772E+02   -0.25762E+02
   263    0.24664E+03    0.66415E-02    0.17732E-02    0.14439E-02    0.16388E-01   -0.25793E+02   -0.25774E+02   -0.25758E+02
   264    0.27583E+03    0.64425E-02    0.18182E-02    0.10877E-02    0.20862E-01   -0.25796E+02   -0.25776E+02   -0.25755E+02
   265    0.29271E+03    0.70949E-02    0.26815E-02    0.45982E-03    0.20416E-01   -0.25797E+02   -0.25776E+02   -0.25755E+02
   266    0.31087E+03    0.70312E-02    0.15901E-02    0.18101E-02    0.21932E-01   -0.25799E+02   -0.25777E+02   -0.25755E+02
   267    0.26959E+03    0.68874E-02    0.26121E-02    0.23831E-02    0.23525E-01   -0.25800E+02   -0.25778E+02   -0.25754E+02
   268    0.27556E+03    0.65188E-02    0.24309E-02    0.54868E-03    0.22704E-01   -0.25799E+02   -0.25779E+02   -0.25757E+02
   269    0.31657E+03    0.67994E-02    0.14881E-02    0.42199E-03    0.24375E-01   -0.25801E+02   -0.25780E+02   -0.25756E+02
   270    0.32923E+03    0.70347E-02    0.16652E-02    0.11660E-03    0.27418E-01   -0.25800E+02   -0.25779E+02   -0.25752E+02
   271    0.26086E+03    0.70485E-02    0.14899E-02    0.78370E-03    0.33048E-01   -0.25799E+02   -0.25779E+02   -0.25746E+02
   272    0.32986E+03    0.79944E-02    0.24577E-02    0.22209E-02    0.31721E-01   -0.25803E+02   -0.25778E+02   -0.25746E+02
   273    0.37331E+03    0.72757E-02    0.21245E-02    0.20759E-02    0.25758E-01   -0.25801E+02   -0.25775E+02   -0.25750E+02
   274    0.29120E+03    0.67453E-02    0.18548E-02    0.99452E-04    0.20898E-01   -0.25794E+02   -0.25774E+02   -0.25753E+02
   275    0.39367E+03    0.69190E-02    0.95506E-03    0.63040E-03    0.16673E-01   -0.25798E+02   -0.25774E+02   -0.25758E+02
   276    0.28236E+03    0.67422E-02    0.13327E-02    0.48704E-02    0.13633E-01   -0.25801E+02   -0.25778E+02   -0.25764E+02
   277    0.36410E+03    0.78327E-02    0.95167E-03    0.17579E-02    0.18036E-01   -0.25803E+02   -0.25779E+02   -0.25761E+02
   278    0.37346E+03    0.77667E-02    0.10062E-02    0.66204E-03    0.22007E-01   -0.25802E+02   -0.25778E+02   -0.25756E+02
   279    0.33847E+03    0.70988E-02    0.23142E-02    0.15558E-02    0.24821E-01   -0.25801E+02   -0.25777E+02   -0.25753E+02
   280    0.39484E+03    0.74897E-02    0.21049E-02    0.15136E-02    0.23132E-01   -0.25806E+02   -0.25780E+02   -0.25757E+02
   281    0.34870E+03    0.73451E-02    0.17206E-02    0.44937E-04    0.20373E-01   -0.25803E+02   -0.25781E+02   -0.25761E+02
   282    0.27712E+03    0.73589E-02    0.20099E-02    0.48638E-04    0.21442E-01   -0.25800E+02   -0.25780E+02   -0.25759E+02
   283    0.32998E+03    0.78392E-02    0.15878E-02    0.20970E-03    0.22066E-01   -0.25803E+02   -0.25781E+02   -0.25758E+02
   284    0.35847E+03    0.74022E-02    0.19926E-02    0.27200E-03    0.21956E-01   -0.25803E+02   -0.25780E+02   -0.25758E+02
   285    0.30270E+03    0.74517E-02    0.13497E-02    0.33583E-03    0.20305E-01   -0.25805E+02   -0.25784E+02   -0.25764E+02
   286    0.38843E+03    0.76659E-02    0.10746E-02    0.17952E-04    0.19510E-01   -0.25807E+02   -0.25784E+02   -0.25764E+02
   287    0.36535E+03    0.77282E-02    0.18663E-02    0.19596E-03    0.19526E-01   -0.25807E+02   -0.25783E+02   -0.25764E+02
   288    0.36459E+03    0.77121E-02    0.12597E-02    0.11557E-02    0.23826E-01   -0.25807E+02   -0.25783E+02   -0.25759E+02
   289    0.30429E+03    0.75424E-02    0.85632E-03    0.52510E-03    0.28153E-01   -0.25804E+02   -0.25784E+02   -0.25756E+02
   290    0.22433E+03    0.66282E-02    0.14525E-02    0.58975E-03    0.33676E-01   -0.25801E+02   -0.25784E+02   -0.25750E+02
   291    0.29164E+03    0.68774E-02    0.11350E-02    0.10001E-02    0.35425E-01   -0.25805E+02   -0.25785E+02   -0.25749E+02
   292    0.27286E+03    0.67065E-02    0.11325E-02    0.21491E-02    0.31509E-01   -0.25806E+02   -0.25786E+02   -0.25755E+02
   293    0.30447E+03    0.70312E-02    0.78156E-03    0.86616E-03    0.27313E-01   -0.25806E+02   -0.25786E+02   -0.25759E+02
   294    0.25688E+03    0.65601E-02    0.16003E-02    0.19288E-02    0.31704E-01   -0.25804E+02   -0.25785E+02   -0.25753E+02
   295    0.23339E+03    0.67765E-02    0.14629E-02    0.10825E-02    0.36001E-01   -0.25804E+02   -0.25786E+02   -0.25750E+02
   296    0.22935E+03    0.67648E-02    0.11747E-02    0.42710E-02    0.34998E-01   -0.25805E+02   -0.25784E+02   -0.25749E+02
   297    0.24998E+03    0.64957E-02    0.21063E-02    0.36217E-02    0.32746E-01   -0.25803E+02   -0.25782E+02   -0.25749E+02
   298    0.31510E+03    0.67859E-02    0.24433E-02    0.12101E-02    0.28606E-01   -0.25803E+02   -0.25781E+02   -0.25752E+02
   299    0.28686E+03    0.71637E-02    0.21499E-02    0.14654E-02    0.19679E-01   -0.25801E+02   -0.25779E+02   -0.25760E+02
   300    0.25869E+03    0.68779E-02    0.16304E-02    0.24294E-02    0.18553E-01   -0.25798E+02   -0.25777E+02   -0.25759E+02
   301    0.25902E+03    0.71110E-02    0.11969E-02    0.14391E-02    0.22184E-01   -0.25795E+02   -0.25776E+02   -0.25754E+02
   302    0.25871E+03    0.68412E-02    0.23646E-02    0.17770E-02    0.22486E-01   -0.25794E+02   -0.25773E+02   -0.25751E+02
   303    0.27781E+03    0.69368E-02    0.21365E-02    0.28214E-02    0.16901E-01   -0.25793E+02   -0.25770E+02   -0.25754E+02
   304    0.28188E+03    0.69781E-02    0.23503E-02    0.28300E-02    0.12062E-01   -0.25790E+02   -0.25767E+02   -0.25755E+02
   305    0.27955E+03    0.71466E-02    0.24014E-02    0.31013E-02    0.71401E-02   -0.25787E+02   -0.25764E+02   -0.25757E+02
   306    0.24083E+03    0.69104E-02    0.19238E-02    0.74839E-02    0.36970E-02   -0.25786E+02   -0.25761E+02   -0.25757E+02
   307    0.24142E+03    0.67792E-02    0.10964E-02    0.75059E-02    0.24753E-02   -0.25784E+02   -0.25759E+02   -0.25757E+02
   308    0.24403E+03    0.67865E-02    0.78082E-03    0.17626E-02    0.36367E-02   -0.25778E+02   -0.25760E+02   -0.25756E+02
   309    0.27099E+03    0.68399E-02    0.15665E-02    0.66259E-03    0.41502E-02   -0.25774E+02   -0.25755E+02   -0.25751E+02
   310    0.27869E+03    0.70999E-02    0.17116E-02    0.47837E-02    0.22809E-02   -0.25777E+02   -0.25753E+02   -0.25750E+02
   311    0.29316E+03    0.69290E-02    0.15940E-02    0.91420E-02    0.70337E-03   -0.25777E+02   -0.25749E+02   -0.25748E+02
   312    0.30406E+03    0.74526E-02    0.11941E-02    0.45727E-02    0.32816E-03   -0.25770E+02   -0.25746E+02   -0.25745E+02
   313    0.27938E+03    0.70595E-02    0.95024E-03    0.14135E-02    0.28441E-03   -0.25764E+02   -0.25744E+02   -0.25744E+02
   314    0.29743E+03    0.71190E-02    0.10418E-02    0.26698E-02    0.16752E-03   -0.25764E+02   -0.25742E+02   -0.25742E+02
   315    0.28259E+03    0.71154E-02    0.10478E-02    0.72241E-02    0.11542E-03   -0.25765E+02   -0.25739E+02   -0.25739E+02
   316    0.29278E+03    0.70773E-02    0.95124E-03    0.46568E-02    0.26449E-03   -0.25761E+02   -0.25737E+02   -0.25737E+02
   317    0.35709E+03    0.71100E-02    0.13117E-02    0.22088E-02    0.91027E-03   -0.25760E+02   -0.25736E+02   -0.25735E+02
   318    0.37860E+03    0.77191E-02    0.11936E-02    0.24222E-02    0.23098E-03   -0.25760E+02   -0.25734E+02   -0.25734E+02
   319    0.37112E+03    0.80969E-02    0.22460E-02    0.37088E-02    0.12999E-03   -0.25761E+02   -0.25733E+02   -0.25733E+02
   320    0.36488E+03    0.83865E-02    0.22612E-02    0.50920E-02    0.66340E-03   -0.25771E+02   -0.25741E+02   -0.25740E+02
   321    0.35982E+03    0.75909E-02    0.22412E-02    0.41351E-02    0.14249E-02   -0.25776E+02   -0.25748E+02   -0.25747E+02
   322    0.30223E+03    0.77028E-02    0.23854E-02    0.43028E-02    0.18844E-02   -0.25776E+02   -0.25751E+02   -0.25749E+02
   323    0.22392E+03    0.68529E-02    0.22160E-02    0.34297E-02    0.30885E-02   -0.25774E+02   -0.25753E+02   -0.25750E+02
   324    0.25896E+03    0.69826E-02    0.22878E-02    0.39931E-03    0.48256E-02   -0.25775E+02   -0.25755E+02   -0.25751E+02
   325    0.24924E+03    0.67319E-02    0.17705E-02    0.30321E-03    0.58224E-02   -0.25775E+02   -0.25757E+02   -0.25751E+02
   326    0.30061E+03    0.74022E-02    0.13362E-02    0.81095E-03    0.59863E-02   -0.25779E+02   -0.25758E+02   -0.25752E+02
   327    0.32600E+03    0.77236E-02    0.13959E-02    0.54700E-02    0.49452E-02   -0.25785E+02   -0.25758E+02   -0.25753E+02
   328    0.32611E+03    0.76921E-02    0.20175E-02    0.48258E-02    0.35642E-02   -0.25785E+02   -0.25758E+02   -0.25754E+02
   329    0.25773E+03    0.66618E-02    0.23282E-02    0.48139E-02    0.22990E-02   -0.25782E+02   -0.25758E+02   -0.25756E+02
   330    0.26276E+03    0.65227E-02    0.27729E-02    0.77335E-02    0.21219E-02   -0.25787E+02   -0.25760E+02   -0.25758E+02
   331    0.21826E+03    0.65750E-02    0.26553E-02    0.94679E-02    0.28954E-02   -0.25791E+02   -0.25764E+02   -0.25761E+02
   332    0.24691E+03    0.65555E-02    0.16436E-02    0.68248E-02    0.39394E-02   -0.25793E+02   -0.25769E+02   -0.25765E+02
   333    0.22731E+03    0.65372E-02    0.11015E-02    0.50475E-02    0.73333E-02   -0.25793E+02   -0.25771E+02   -0.25764E+02
   334    0.28411E+03    0.70730E-02    0.19377E-02    0.22562E-02    0.10592E-01   -0.25794E+02   -0.25772E+02   -0.25761E+02
   335    0.25733E+03    0.68970E-02    0.23443E-02    0.29676E-02    0.12276E-01   -0.25795E+02   -0.25773E+02   -0.25761E+02
   336    0.20740E+03    0.68660E-02    0.12339E-02    0.19170E-02    0.12572E-01   -0.25793E+02   -0.25775E+02   -0.25762E+02
   337    0.30000E+03    0.68007E-02    0.10252E-02    0.28600E-02    0.91405E-02   -0.25788E+02   -0.25766E+02   -0.25756E+02
   338    0.26972E+03    0.73499E-02    0.11328E-02    0.56245E-02    0.50506E-02   -0.25787E+02   -0.25762E+02   -0.25757E+02
   339    0.34756E+03    0.80598E-02    0.12678E-02    0.87193E-02    0.18264E-02   -0.25789E+02   -0.25758E+02   -0.25756E+02
   340    0.32433E+03    0.68743E-02    0.19684E-02    0.92121E-02    0.10523E-02   -0.25789E+02   -0.25759E+02   -0.25758E+02
   341    0.25799E+03    0.70193E-02    0.20123E-02    0.66674E-02    0.25461E-02   -0.25786E+02   -0.25761E+02   -0.25758E+02
   342    0.28188E+03    0.73827E-02    0.18942E-02    0.56766E-02    0.41862E-02   -0.25787E+02   -0.25762E+02   -0.25757E+02
   343    0.32625E+03    0.75192E-02    0.17989E-02    0.60461E-02    0.41500E-02   -0.25788E+02   -0.25761E+02   -0.25756E+02
   344    0.25731E+03    0.67299E-02    0.19564E-02    0.58870E-02    0.41841E-02   -0.25783E+02   -0.25759E+02   -0.25755E+02
   345    0.22498E+03    0.68364E-02    0.19917E-02    0.47038E-02    0.35855E-02   -0.25780E+02   -0.25758E+02   -0.25754E+02
   346    0.26754E+03    0.66898E-02    0.14465E-02    0.47857E-02    0.30896E-02   -0.25779E+02   -0.25756E+02   -0.25753E+02
   347    0.34698E+03    0.73675E-02    0.17893E-02    0.55580E-02    0.31025E-02   -0.25782E+02   -0.25754E+02   -0.25751E+02
   348    0.30908E+03    0.72346E-02    0.12345E-02    0.67814E-02    0.35148E-02   -0.25780E+02   -0.25753E+02   -0.25750E+02
   349    0.26772E+03    0.72634E-02    0.11089E-02    0.54122E-02    0.45821E-02   -0.25778E+02   -0.25754E+02   -0.25749E+02
   350    0.29165E+03    0.75450E-02    0.14632E-02    0.35019E-02    0.54984E-02   -0.25778E+02   -0.25755E+02   -0.25749E+02
   351    0.27284E+03    0.68744E-02    0.99791E-03    0.24038E-02    0.67644E-02   -0.25776E+02   -0.25755E+02   -0.25748E+02
   352    0.26883E+03    0.70222E-02    0.10045E-02    0.31410E-02    0.75378E-02   -0.25776E+02   -0.25755E+02   -0.25747E+02
   353    0.28580E+03    0.71564E-02    0.10022E-02    0.39811E-02    0.67821E-02   -0.25777E+02   -0.25754E+02   -0.25748E+02
   354    0.30752E+03    0.70923E-02    0.10404E-02    0.49518E-02    0.77573E-02   -0.25780E+02   -0.25755E+02   -0.25747E+02
   355    0.36634E+03    0.77543E-02    0.20579E-02    0.36107E-02    0.12038E-01   -0.25784E+02   -0.25757E+02   -0.25745E+02
   356    0.32595E+03    0.79329E-02    0.24286E-02    0.32898E-02    0.12795E-01   -0.25785E+02   -0.25759E+02   -0.25746E+02
   357    0.31694E+03    0.74001E-02    0.25621E-02    0.44087E-02    0.12324E-01   -0.25787E+02   -0.25761E+02   -0.25749E+02
   358    0.31553E+03    0.75691E-02    0.24424E-02    0.61964E-02    0.12911E-01   -0.25792E+02   -0.25764E+02   -0.25751E+02
   359    0.38296E+03    0.78865E-02    0.21267E-02    0.56248E-02    0.14662E-01   -0.25797E+02   -0.25767E+02   -0.25752E+02
   360    0.33474E+03    0.79490E-02    0.20635E-02    0.40498E-02    0.14445E-01   -0.25795E+02   -0.25769E+02   -0.25754E+02
   361    0.27504E+03    0.75092E-02    0.23468E-02    0.23074E-02    0.13723E-01   -0.25792E+02   -0.25770E+02   -0.25756E+02
   362    0.38007E+03    0.83094E-02    0.24749E-02    0.18787E-02    0.13171E-01   -0.25798E+02   -0.25771E+02   -0.25758E+02
   363    0.29812E+03    0.73957E-02    0.22869E-02    0.97088E-03    0.14980E-01   -0.25799E+02   -0.25777E+02   -0.25762E+02
   364    0.22437E+03    0.66681E-02    0.17544E-02    0.25193E-03    0.17071E-01   -0.25796E+02   -0.25778E+02   -0.25761E+02
   365    0.26938E+03    0.68347E-02    0.15353E-02    0.48408E-03    0.17642E-01   -0.25798E+02   -0.25779E+02   -0.25761E+02
   366    0.30981E+03    0.72362E-02    0.23429E-02    0.88992E-03    0.17921E-01   -0.25800E+02   -0.25778E+02   -0.25760E+02
   367    0.23637E+03    0.71521E-02    0.19409E-02    0.15652E-02    0.18293E-01   -0.25798E+02   -0.25779E+02   -0.25761E+02
   368    0.25953E+03    0.74032E-02    0.10732E-02    0.36944E-02    0.16308E-01   -0.25800E+02   -0.25778E+02   -0.25762E+02
   369    0.24739E+03    0.69366E-02    0.20886E-02    0.62813E-02    0.14974E-01   -0.25800E+02   -0.25776E+02   -0.25761E+02
   370    0.21273E+03    0.66492E-02    0.23691E-02    0.79375E-02    0.12423E-01   -0.25798E+02   -0.25773E+02   -0.25761E+02
   371    0.29917E+03    0.74381E-02    0.26957E-02    0.79935E-02    0.10383E-01   -0.25800E+02   -0.25771E+02   -0.25760E+02
   372    0.29902E+03    0.72847E-02    0.20435E-02    0.49072E-02    0.12127E-01   -0.25798E+02   -0.25773E+02   -0.25761E+02
   373    0.28005E+03    0.74671E-02    0.15518E-02    0.43673E-02    0.12942E-01   -0.25796E+02   -0.25773E+02   -0.25760E+02
   374    0.29166E+03    0.77593E-02    0.17785E-02    0.53783E-02    0.89220E-02   -0.25794E+02   -0.25769E+02   -0.25760E+02
   375    0.22358E+03    0.70590E-02    0.21310E-02    0.52979E-02    0.44332E-02   -0.25787E+02   -0.25764E+02   -0.25760E+02
   376    0.26041E+03    0.74315E-02    0.11160E-02    0.70061E-02    0.25139E-02   -0.25787E+02   -0.25762E+02   -0.25759E+02
   377    0.26595E+03    0.74838E-02    0.74990E-03    0.89229E-02    0.12917E-02   -0.25786E+02   -0.25759E+02   -0.25757E+02
   378    0.27456E+03    0.72711E-02    0.13834E-02    0.10304E-01    0.13097E-02   -0.25781E+02   -0.25752E+02   -0.25751E+02
   379    0.30437E+03    0.77168E-02    0.26472E-02    0.12702E-01    0.23932E-02   -0.25786E+02   -0.25752E+02   -0.25749E+02
   380    0.36311E+03    0.81028E-02    0.21700E-02    0.12284E-01    0.28953E-02   -0.25792E+02   -0.25755E+02   -0.25752E+02
   381    0.29904E+03    0.76766E-02    0.24646E-02    0.10179E-01    0.33937E-02   -0.25788E+02   -0.25757E+02   -0.25753E+02
   382    0.25695E+03    0.73744E-02    0.25625E-02    0.81132E-02    0.32622E-02   -0.25786E+02   -0.25758E+02   -0.25755E+02
   383    0.31910E+03    0.78599E-02    0.24170E-02    0.77356E-02    0.55705E-02   -0.25792E+02   -0.25761E+02   -0.25756E+02
   384    0.36034E+03    0.80058E-02    0.22244E-02    0.71843E-02    0.83793E-02   -0.25795E+02   -0.25764E+02   -0.25756E+02
   385    0.26530E+03    0.76289E-02    0.13562E-02    0.93332E-02    0.71710E-02   -0.25792E+02   -0.25763E+02   -0.25756E+02
   386    0.36125E+03    0.78032E-02    0.81882E-03    0.10408E-01    0.31328E-02   -0.25792E+02   -0.25759E+02   -0.25756E+02
   387    0.33826E+03    0.77362E-02    0.13648E-02    0.10296E-01    0.15180E-02   -0.25787E+02   -0.25755E+02   -0.25753E+02
   388    0.27941E+03    0.74427E-02    0.21270E-02    0.88121E-02    0.20140E-02   -0.25783E+02   -0.25754E+02   -0.25752E+02
   389    0.35216E+03    0.77461E-02    0.21880E-02    0.87996E-02    0.32633E-02   -0.25788E+02   -0.25756E+02   -0.25752E+02
   390    0.35008E+03    0.79257E-02    0.19651E-02    0.89392E-02    0.36132E-02   -0.25788E+02   -0.25756E+02   -0.25753E+02
   391    0.30428E+03    0.74786E-02    0.21989E-02    0.54934E-02    0.54453E-02   -0.25784E+02   -0.25757E+02   -0.25752E+02
   392    0.30825E+03    0.76693E-02    0.19266E-02    0.37222E-02    0.83854E-02   -0.25784E+02   -0.25759E+02   -0.25750E+02
   393    0.31551E+03    0.80343E-02    0.20367E-02    0.42823E-02    0.10105E-01   -0.25785E+02   -0.25758E+02   -0.25748E+02
   394    0.28786E+03    0.73782E-02    0.14346E-02    0.70041E-02    0.94599E-02   -0.25783E+02   -0.25756E+02   -0.25747E+02
   395    0.29516E+03    0.70898E-02    0.16738E-02    0.10076E-01    0.70006E-02   -0.25783E+02   -0.25753E+02   -0.25746E+02
   396    0.26336E+03    0.68497E-02    0.18709E-02    0.13225E-01    0.49043E-02   -0.25781E+02   -0.25749E+02   -0.25744E+02
   397    0.28933E+03    0.69820E-02    0.18569E-02    0.93158E-02    0.34757E-02   -0.25777E+02   -0.25748E+02   -0.25745E+02
   398    0.29804E+03    0.73690E-02    0.16698E-02    0.42620E-02    0.35989E-02   -0.25774E+02   -0.25749E+02   -0.25746E+02
   399    0.29989E+03    0.77626E-02    0.12772E-02    0.35977E-02    0.53834E-02   -0.25774E+02   -0.25750E+02   -0.25745E+02
   400    0.23735E+03    0.67565E-02    0.15381E-02    0.69292E-02    0.55737E-02   -0.25772E+02   -0.25748E+02   -0.25743E+02
   401    0.30622E+03    0.73430E-02    0.11441E-02    0.56505E-02    0.37053E-02   -0.25771E+02   -0.25745E+02   -0.25742E+02
   402    0.33612E+03    0.74919E-02    0.12240E-02    0.32849E-02    0.16078E-02   -0.25767E+02   -0.25743E+02   -0.25741E+02
   403    0.22879E+03    0.66686E-02    0.14799E-02    0.35512E-02    0.78918E-03   -0.25760E+02   -0.25740E+02   -0.25739E+02
   404    0.30327E+03    0.75612E-02    0.14180E-02    0.74415E-02    0.18208E-03   -0.25765E+02   -0.25737E+02   -0.25736E+02
   405    0.32459E+03    0.76685E-02    0.16568E-02    0.76037E-02    0.66690E-03   -0.25765E+02   -0.25735E+02   -0.25735E+02
   406    0.24350E+03    0.70788E-02    0.10580E-02    0.40810E-02    0.15148E-02   -0.25760E+02   -0.25739E+02   -0.25738E+02
   407    0.26931E+03    0.71536E-02    0.11123E-02    0.84099E-03    0.14755E-02   -0.25761E+02   -0.25741E+02   -0.25740E+02
   408    0.28114E+03    0.71738E-02    0.97092E-03    0.46385E-02    0.10479E-02   -0.25765E+02   -0.25741E+02   -0.25740E+02
   409    0.36489E+03    0.70317E-02    0.10452E-02    0.33043E-02    0.19817E-02   -0.25767E+02   -0.25742E+02   -0.25740E+02
   410    0.35180E+03    0.74771E-02    0.16867E-02    0.54985E-03    0.62725E-02   -0.25765E+02   -0.25742E+02   -0.25736E+02
   411    0.26821E+03    0.70484E-02    0.17615E-02    0.26047E-02    0.10104E-01   -0.25764E+02   -0.25742E+02   -0.25732E+02
   412    0.38325E+03    0.75892E-02    0.16354E-02    0.66032E-02    0.11118E-01   -0.25772E+02   -0.25742E+02   -0.25730E+02
   413    0.38780E+03    0.78210E-02    0.23695E-02    0.54653E-02    0.11726E-01   -0.25781E+02   -0.25750E+02   -0.25739E+02
   414    0.33747E+03    0.81586E-02    0.23484E-02    0.18016E-02    0.13397E-01   -0.25778E+02   -0.25753E+02   -0.25739E+02
   415    0.27619E+03    0.76073E-02    0.19759E-02    0.35340E-02    0.13893E-01   -0.25778E+02   -0.25754E+02   -0.25740E+02
   416    0.25219E+03    0.72740E-02    0.21315E-02    0.10547E-01    0.12235E-01   -0.25784E+02   -0.25755E+02   -0.25742E+02
   417    0.38125E+03    0.79924E-02    0.22293E-02    0.89151E-02    0.12680E-01   -0.25790E+02   -0.25757E+02   -0.25744E+02
   418    0.30261E+03    0.76050E-02    0.16621E-02    0.32186E-02    0.16026E-01   -0.25784E+02   -0.25760E+02   -0.25744E+02
   419    0.26428E+03    0.69424E-02    0.14096E-02    0.21061E-02    0.16863E-01   -0.25783E+02   -0.25763E+02   -0.25746E+02
   420    0.36551E+03    0.80407E-02    0.17676E-02    0.25997E-02    0.14560E-01   -0.25791E+02   -0.25765E+02   -0.25750E+02
   421    0.33517E+03    0.82031E-02    0.17166E-02    0.14464E-02    0.14864E-01   -0.25791E+02   -0.25767E+02   -0.25752E+02
   422    0.28952E+03    0.76467E-02    0.22139E-02    0.32021E-03    0.16502E-01   -0.25790E+02   -0.25768E+02   -0.25752E+02
   423    0.32362E+03    0.81906E-02    0.19910E-02    0.14339E-02    0.19083E-01   -0.25798E+02   -0.25774E+02   -0.25755E+02
   424    0.37051E+03    0.77610E-02    0.27951E-02    0.14494E-02    0.19486E-01   -0.25801E+02   -0.25775E+02   -0.25755E+02
   425    0.23163E+03    0.65958E-02    0.24932E-02    0.34032E-02    0.20411E-01   -0.25797E+02   -0.25776E+02   -0.25755E+02
   426    0.27791E+03    0.72594E-02    0.24872E-02    0.41864E-02    0.23274E-01   -0.25803E+02   -0.25778E+02   -0.25755E+02
   427    0.28273E+03    0.72310E-02    0.25783E-02    0.36312E-02    0.25674E-01   -0.25807E+02   -0.25782E+02   -0.25757E+02
   428    0.23318E+03    0.71378E-02    0.24018E-02    0.97229E-03    0.25798E-01   -0.25801E+02   -0.25781E+02   -0.25756E+02
   429    0.24448E+03    0.70937E-02    0.16000E-02    0.58985E-03    0.29605E-01   -0.25802E+02   -0.25783E+02   -0.25753E+02
   430    0.32070E+03    0.73453E-02    0.19556E-02    0.24595E-03    0.40716E-01   -0.25804E+02   -0.25782E+02   -0.25741E+02
   431    0.27608E+03    0.66904E-02    0.21756E-02    0.12852E-02    0.41518E-01   -0.25801E+02   -0.25781E+02   -0.25739E+02
   432    0.30591E+03    0.73904E-02    0.23832E-02    0.78834E-03    0.38675E-01   -0.25801E+02   -0.25779E+02   -0.25740E+02
   433    0.20588E+03    0.69943E-02    0.18832E-02    0.64583E-03    0.38933E-01   -0.25795E+02   -0.25778E+02   -0.25739E+02
   434    0.32807E+03    0.73797E-02    0.20486E-02    0.35309E-03    0.43865E-01   -0.25799E+02   -0.25777E+02   -0.25733E+02
   435    0.29635E+03    0.73887E-02    0.22769E-02    0.13890E-02    0.41679E-01   -0.25802E+02   -0.25779E+02   -0.25738E+02
   436    0.21302E+03    0.67391E-02    0.23881E-02    0.53087E-03    0.31966E-01   -0.25795E+02   -0.25777E+02   -0.25746E+02
   437    0.24002E+03    0.71692E-02    0.23053E-02    0.72990E-03    0.26001E-01   -0.25793E+02   -0.25773E+02   -0.25747E+02
   438    0.34481E+03    0.74523E-02    0.21055E-02    0.27245E-02    0.18871E-01   -0.25798E+02   -0.25773E+02   -0.25754E+02
   439    0.27322E+03    0.72046E-02    0.14393E-02    0.65975E-02    0.21223E-01   -0.25795E+02   -0.25770E+02   -0.25749E+02
   440    0.22549E+03    0.71432E-02    0.17261E-02    0.87968E-03    0.24616E-01   -0.25788E+02   -0.25769E+02   -0.25745E+02
   441    0.30287E+03    0.77703E-02    0.21006E-02    0.98382E-03    0.22484E-01   -0.25790E+02   -0.25768E+02   -0.25745E+02
   442    0.29798E+03    0.75915E-02    0.21999E-02    0.46775E-02    0.19164E-01   -0.25792E+02   -0.25766E+02   -0.25747E+02
   443    0.31686E+03    0.79191E-02    0.15706E-02    0.45749E-02    0.18989E-01   -0.25789E+02   -0.25763E+02   -0.25744E+02
   444    0.28926E+03    0.73636E-02    0.20223E-02    0.20627E-02    0.17097E-01   -0.25782E+02   -0.25760E+02   -0.25743E+02
   445    0.28003E+03    0.77164E-02    0.26578E-02    0.31885E-02    0.12643E-01   -0.25781E+02   -0.25757E+02   -0.25744E+02
   446    0.25991E+03    0.73365E-02    0.19974E-02    0.77150E-02    0.95200E-02   -0.25780E+02   -0.25753E+02   -0.25744E+02
   447    0.29890E+03    0.75841E-02    0.18605E-02    0.56583E-02    0.91586E-02   -0.25776E+02   -0.25749E+02   -0.25740E+02
   448    0.34858E+03    0.78476E-02    0.19557E-02    0.26678E-02    0.77280E-02   -0.25772E+02   -0.25746E+02   -0.25738E+02
   449    0.30028E+03    0.79485E-02    0.15741E-02    0.26088E-02    0.61228E-02   -0.25768E+02   -0.25744E+02   -0.25738E+02
   450    0.34311E+03    0.82265E-02    0.16403E-02    0.66353E-02    0.49258E-02   -0.25771E+02   -0.25741E+02   -0.25736E+02
   451    0.36297E+03    0.81881E-02    0.19831E-02    0.43576E-02    0.48102E-02   -0.25769E+02   -0.25741E+02   -0.25736E+02
   452    0.29104E+03    0.74790E-02    0.25515E-02    0.73733E-03    0.26428E-02   -0.25763E+02   -0.25742E+02   -0.25739E+02
   453    0.25739E+03    0.75573E-02    0.23546E-02    0.27500E-03    0.11776E-02   -0.25757E+02   -0.25737E+02   -0.25736E+02
   454    0.30413E+03    0.90195E-02    0.23287E-02    0.12555E-02    0.64335E-03   -0.25764E+02   -0.25740E+02   -0.25739E+02
   455    0.35636E+03    0.81684E-02    0.20873E-02    0.12092E-02    0.35790E-03   -0.25771E+02   -0.25746E+02   -0.25746E+02
   456    0.35913E+03    0.89188E-02    0.24102E-02    0.35101E-03    0.10065E-03   -0.25780E+02   -0.25754E+02   -0.25754E+02
   457    0.37470E+03    0.95851E-02    0.22233E-02    0.28622E-02    0.65903E-04   -0.25797E+02   -0.25767E+02   -0.25767E+02
   458    0.32200E+03    0.83467E-02    0.24348E-02    0.28733E-02    0.20167E-03   -0.25804E+02   -0.25778E+02   -0.25777E+02
   459    0.21717E+03    0.73771E-02    0.24429E-02    0.40821E-02    0.18378E-03   -0.25803E+02   -0.25781E+02   -0.25781E+02
   460    0.25838E+03    0.79010E-02    0.26274E-02    0.10372E-01    0.18655E-03   -0.25805E+02   -0.25774E+02   -0.25774E+02
   461    0.22990E+03    0.78733E-02    0.21336E-02    0.11647E-01    0.29782E-03   -0.25811E+02   -0.25781E+02   -0.25780E+02
   462    0.25869E+03    0.80084E-02    0.27005E-02    0.44051E-02    0.38831E-03   -0.25810E+02   -0.25785E+02   -0.25785E+02
   463    0.23534E+03    0.79827E-02    0.23400E-02    0.16621E-02    0.58792E-03   -0.25809E+02   -0.25788E+02   -0.25788E+02
   464    0.25877E+03    0.77944E-02    0.23176E-02    0.17686E-02    0.33707E-03   -0.25813E+02   -0.25791E+02   -0.25791E+02
   465    0.21239E+03    0.79231E-02    0.21574E-02    0.57087E-03    0.22324E-03   -0.25812E+02   -0.25793E+02   -0.25793E+02
   466    0.28325E+03    0.87567E-02    0.27790E-02    0.73427E-04    0.15959E-03   -0.25816E+02   -0.25793E+02   -0.25793E+02
   467    0.31054E+03    0.85114E-02    0.25111E-02    0.14923E-02    0.92723E-04   -0.25818E+02   -0.25794E+02   -0.25794E+02
   468    0.26449E+03    0.77868E-02    0.24846E-02    0.34243E-02    0.17899E-03   -0.25820E+02   -0.25796E+02   -0.25796E+02
   469    0.25676E+03    0.75752E-02    0.22643E-02    0.25313E-02    0.41006E-03   -0.25822E+02   -0.25800E+02   -0.25799E+02
   470    0.24625E+03    0.78332E-02    0.24377E-02    0.20726E-02    0.26809E-03   -0.25824E+02   -0.25802E+02   -0.25802E+02
   471    0.26463E+03    0.83158E-02    0.22951E-02    0.10292E-02    0.21897E-03   -0.25826E+02   -0.25805E+02   -0.25804E+02
   472    0.26330E+03    0.84043E-02    0.22105E-02    0.51196E-03    0.14514E-03   -0.25827E+02   -0.25806E+02   -0.25806E+02
   473    0.21351E+03    0.74937E-02    0.24873E-02    0.73300E-03    0.20419E-03   -0.25824E+02   -0.25805E+02   -0.25805E+02
   474    0.22954E+03    0.79572E-02    0.21042E-02    0.59960E-03    0.24899E-03   -0.25822E+02   -0.25803E+02   -0.25803E+02
   475    0.26525E+03    0.83006E-02    0.26306E-02    0.49848E-03    0.13470E-03   -0.25825E+02   -0.25804E+02   -0.25804E+02
   476    0.31902E+03    0.85620E-02    0.26544E-02    0.93510E-04    0.11371E-03   -0.25828E+02   -0.25805E+02   -0.25805E+02
   477    0.30068E+03    0.82556E-02    0.27807E-02    0.20392E-03    0.82349E-04   -0.25828E+02   -0.25805E+02   -0.25805E+02
   478    0.28188E+03    0.83057E-02    0.22637E-02    0.93459E-03    0.59960E-04   -0.25829E+02   -0.25807E+02   -0.25807E+02
   479    0.23042E+03    0.78254E-02    0.28264E-02    0.20071E-02    0.10189E-03   -0.25826E+02   -0.25804E+02   -0.25804E+02
   480    0.27755E+03    0.81275E-02    0.23717E-02    0.71543E-03    0.11507E-03   -0.25829E+02   -0.25807E+02   -0.25807E+02
   481    0.30433E+03    0.80221E-02    0.22166E-02    0.14710E-02    0.14743E-03   -0.25830E+02   -0.25807E+02   -0.25807E+02
   482    0.22668E+03    0.71798E-02    0.18899E-02    0.35944E-02    0.31320E-03   -0.25826E+02   -0.25805E+02   -0.25804E+02
   483    0.30597E+03    0.78215E-02    0.19100E-02    0.54049E-03    0.29978E-03   -0.25825E+02   -0.25803E+02   -0.25803E+02
   484    0.38503E+03    0.92382E-02    0.25076E-02    0.19811E-03    0.10037E-03   -0.25829E+02   -0.25803E+02   -0.25803E+02
   485    0.34716E+03    0.89190E-02    0.22040E-02    0.23747E-03    0.61570E-04   -0.25831E+02   -0.25806E+02   -0.25806E+02
   486    0.22276E+03    0.80424E-02    0.22241E-02    0.69989E-04    0.89322E-04   -0.25825E+02   -0.25806E+02   -0.25806E+02
   487    0.24800E+03    0.77146E-02    0.26914E-02    0.67886E-03    0.26000E-03   -0.25822E+02   -0.25802E+02   -0.25801E+02
   488    0.29038E+03    0.83202E-02    0.23840E-02    0.25271E-03    0.10373E-03   -0.25825E+02   -0.25803E+02   -0.25802E+02
   489    0.30150E+03    0.83185E-02    0.26959E-02    0.43601E-03    0.11085E-02   -0.25826E+02   -0.25803E+02   -0.25802E+02
   490    0.30376E+03    0.85920E-02    0.27591E-02    0.88290E-04    0.17515E-03   -0.25827E+02   -0.25804E+02   -0.25804E+02
   491    0.26881E+03    0.84110E-02    0.18558E-02    0.23343E-02    0.24289E-03   -0.25826E+02   -0.25803E+02   -0.25803E+02
   492    0.24006E+03    0.80559E-02    0.17006E-02    0.43386E-02    0.15560E-03   -0.25824E+02   -0.25801E+02   -0.25801E+02
   493    0.26494E+03    0.81831E-02    0.19674E-02    0.78642E-03    0.46953E-03   -0.25819E+02   -0.25798E+02   -0.25798E+02
   494    0.27339E+03    0.82651E-02    0.20418E-02    0.97769E-04    0.14121E-03   -0.25818E+02   -0.25798E+02   -0.25798E+02
   495    0.36814E+03    0.83352E-02    0.27365E-02    0.81350E-03    0.21902E-03   -0.25823E+02   -0.25797E+02   -0.25797E+02
   496    0.36514E+03    0.85181E-02    0.22855E-02    0.10381E-02    0.68513E-04   -0.25823E+02   -0.25797E+02   -0.25797E+02
   497    0.29703E+03    0.83402E-02    0.17344E-02    0.37467E-03    0.12489E-03   -0.25819E+02   -0.25797E+02   -0.25797E+02
   498    0.24484E+03    0.79288E-02    0.26180E-02    0.54568E-04    0.18064E-03   -0.25816E+02   -0.25796E+02   -0.25796E+02
   499    0.21947E+03    0.79912E-02    0.25304E-02    0.49680E-03    0.19945E-03   -0.25816E+02   -0.25796E+02   -0.25796E+02
   500    0.27708E+03    0.83039E-02    0.24539E-02    0.31427E-03    0.31824E-03   -0.25818E+02   -0.25796E+02   -0.25796E+02
   501    0.33836E+03    0.86829E-02    0.20292E-02    0.12181E-02    0.23871E-03   -0.25820E+02   -0.25795E+02   -0.25795E+02
   502    0.27037E+03    0.83940E-02    0.14322E-02    0.37852E-02    0.98596E-04   -0.25818E+02   -0.25794E+02   -0.25794E+02
   503    0.39609E+03    0.94221E-02    0.23293E-02    0.14372E-02    0.10626E-02   -0.25821E+02   -0.25793E+02   -0.25792E+02
   504    0.32751E+03    0.87154E-02    0.27010E-02    0.54726E-03    0.28036E-03   -0.25821E+02   -0.25797E+02   -0.25797E+02
   505    0.35488E+03    0.91232E-02    0.25000E-02    0.21190E-03    0.14897E-03   -0.25823E+02   -0.25798E+02   -0.25798E+02
   506    0.26788E+03    0.84398E-02    0.22329E-02    0.10226E-02    0.74536E-04   -0.25821E+02   -0.25799E+02   -0.25799E+02
   507    0.26070E+03    0.83563E-02    0.25317E-02    0.83129E-03    0.89722E-04   -0.25823E+02   -0.25801E+02   -0.25801E+02
   508    0.21182E+03    0.77917E-02    0.22565E-02    0.65788E-03    0.14457E-03   -0.25822E+02   -0.25803E+02   -0.25803E+02
   509    0.22723E+03    0.71870E-02    0.26172E-02    0.42214E-03    0.14413E-03   -0.25818E+02   -0.25799E+02   -0.25799E+02
   510    0.24846E+03    0.80546E-02    0.26626E-02    0.77446E-03    0.60296E-04   -0.25821E+02   -0.25800E+02   -0.25800E+02
   511    0.38130E+03    0.90616E-02    0.24891E-02    0.11178E-03    0.13820E-03   -0.25826E+02   -0.25800E+02   -0.25800E+02
   512    0.25331E+03    0.80618E-02    0.20091E-02    0.12752E-02    0.94371E-04   -0.25820E+02   -0.25800E+02   -0.25800E+02
   513    0.23986E+03    0.76155E-02    0.23666E-02    0.91834E-04    0.24328E-03   -0.25815E+02   -0.25795E+02   -0.25795E+02
   514    0.37092E+03    0.91299E-02    0.23465E-02    0.18153E-03    0.97321E-04   -0.25821E+02   -0.25795E+02   -0.25795E+02
   515    0.37437E+03    0.90117E-02    0.14836E-02    0.16492E-02    0.28091E-03   -0.25821E+02   -0.25794E+02   -0.25794E+02
   516    0.31697E+03    0.86985E-02    0.15310E-02    0.21103E-02    0.95900E-04   -0.25816E+02   -0.25792E+02   -0.25792E+02
   517    0.29497E+03    0.87138E-02    0.18737E-02    0.24005E-02    0.19336E-03   -0.25813E+02   -0.25789E+02   -0.25789E+02
   518    0.37875E+03    0.93623E-02    0.16014E-02    0.23429E-02    0.26556E-03   -0.25820E+02   -0.25792E+02   -0.25792E+02
   519    0.29643E+03    0.86911E-02    0.15030E-02    0.63317E-02    0.66153E-03   -0.25821E+02   -0.25793E+02   -0.25793E+02
   520    0.37870E+03    0.88710E-02    0.16527E-02    0.23809E-02    0.32502E-03   -0.25818E+02   -0.25791E+02   -0.25790E+02
   521    0.29776E+03    0.86626E-02    0.15889E-02    0.33981E-03    0.28451E-03   -0.25815E+02   -0.25793E+02   -0.25793E+02
   522    0.28346E+03    0.86440E-02    0.14569E-02    0.35633E-03    0.13434E-03   -0.25814E+02   -0.25793E+02   -0.25793E+02
   523    0.24755E+03    0.82058E-02    0.21045E-02    0.61336E-03    0.10008E-03   -0.25812E+02   -0.25792E+02   -0.25792E+02
   524    0.21201E+03    0.75788E-02    0.14918E-02    0.31376E-02    0.23339E-03   -0.25811E+02   -0.25791E+02   -0.25791E+02
   525    0.27928E+03    0.81554E-02    0.19891E-02    0.24686E-02    0.18415E-03   -0.25814E+02   -0.25791E+02   -0.25791E+02
   526    0.29364E+03    0.89031E-02    0.20230E-02    0.19895E-03    0.59819E-03   -0.25813E+02   -0.25791E+02   -0.25790E+02
   527    0.38045E+03    0.89466E-02    0.19303E-02    0.49061E-03    0.25818E-03   -0.25816E+02   -0.25790E+02   -0.25789E+02
   528    0.34586E+03    0.94019E-02    0.18186E-02    0.47033E-03    0.10418E-03   -0.25821E+02   -0.25796E+02   -0.25796E+02
   529    0.38820E+03    0.10053E-01    0.20409E-02    0.10110E-02    0.26351E-03   -0.25827E+02   -0.25799E+02   -0.25799E+02
   530    0.35045E+03    0.98525E-02    0.24369E-02    0.82302E-03    0.11385E-03   -0.25827E+02   -0.25800E+02   -0.25800E+02
   531    0.30674E+03    0.94924E-02    0.26796E-02    0.25001E-02    0.10743E-03   -0.25829E+02   -0.25803E+02   -0.25803E+02
   532    0.21606E+03    0.85056E-02    0.26358E-02    0.15229E-02    0.11478E-03   -0.25827E+02   -0.25806E+02   -0.25806E+02
   533    0.24559E+03    0.83175E-02    0.23456E-02    0.70034E-03    0.99466E-04   -0.25825E+02   -0.25804E+02   -0.25804E+02
   534    0.20332E+03    0.78527E-02    0.23300E-02    0.17016E-02    0.14924E-03   -0.25823E+02   -0.25803E+02   -0.25803E+02
   535    0.25387E+03    0.81416E-02    0.24133E-02    0.13925E-02    0.22737E-03   -0.25823E+02   -0.25802E+02   -0.25802E+02
   536    0.22460E+03    0.83363E-02    0.23984E-02    0.48824E-04    0.43825E-03   -0.25822E+02   -0.25803E+02   -0.25802E+02
   537    0.26917E+03    0.90996E-02    0.20259E-02    0.40498E-04    0.16955E-03   -0.25820E+02   -0.25799E+02   -0.25798E+02
   538    0.36900E+03    0.99536E-02    0.19677E-02    0.63134E-03    0.14726E-02   -0.25826E+02   -0.25800E+02   -0.25798E+02
   539    0.30825E+03    0.94710E-02    0.14299E-02    0.65168E-04    0.51250E-02   -0.25824E+02   -0.25801E+02   -0.25796E+02
   540    0.24199E+03    0.86144E-02    0.27582E-02    0.30765E-02    0.51383E-02   -0.25818E+02   -0.25795E+02   -0.25790E+02
   541    0.30747E+03    0.84363E-02    0.26318E-02    0.18810E-02    0.32057E-02   -0.25818E+02   -0.25794E+02   -0.25790E+02
   542    0.38843E+03    0.89987E-02    0.23838E-02    0.18290E-02    0.15906E-02   -0.25823E+02   -0.25795E+02   -0.25794E+02
   543    0.31716E+03    0.91428E-02    0.25757E-02    0.99868E-03    0.98759E-03   -0.25822E+02   -0.25798E+02   -0.25797E+02
   544    0.26479E+03    0.89193E-02    0.22633E-02    0.89132E-04    0.45838E-03   -0.25820E+02   -0.25798E+02   -0.25798E+02
   545    0.29998E+03    0.91794E-02    0.22310E-02    0.21875E-02    0.56092E-03   -0.25824E+02   -0.25799E+02   -0.25798E+02
   546    0.28102E+03    0.87788E-02    0.21205E-02    0.47226E-03    0.23355E-02   -0.25821E+02   -0.25799E+02   -0.25797E+02
   547    0.22405E+03    0.87820E-02    0.16196E-02    0.27687E-02    0.59131E-02   -0.25815E+02   -0.25794E+02   -0.25788E+02
   548    0.32167E+03    0.94479E-02    0.16720E-02    0.97214E-03    0.92714E-02   -0.25820E+02   -0.25796E+02   -0.25786E+02
   549    0.36728E+03    0.96497E-02    0.21894E-02    0.24190E-02    0.52776E-02   -0.25822E+02   -0.25793E+02   -0.25788E+02
   550    0.30217E+03    0.91675E-02    0.26710E-02    0.46388E-04    0.30553E-02   -0.25816E+02   -0.25793E+02   -0.25790E+02
   551    0.33124E+03    0.95651E-02    0.22918E-02    0.82999E-03    0.35061E-02   -0.25819E+02   -0.25794E+02   -0.25790E+02
   552    0.29345E+03    0.95343E-02    0.22775E-02    0.16771E-02    0.41945E-02   -0.25819E+02   -0.25794E+02   -0.25790E+02
   553    0.39616E+03    0.99265E-02    0.22030E-02    0.21638E-02    0.36644E-02   -0.25824E+02   -0.25795E+02   -0.25791E+02
   554    0.24872E+03    0.92550E-02    0.23482E-02    0.14603E-02    0.35240E-02   -0.25823E+02   -0.25801E+02   -0.25797E+02
   555    0.23266E+03    0.86240E-02    0.23675E-02    0.12858E-02    0.38031E-02   -0.25824E+02   -0.25802E+02   -0.25799E+02
   556    0.29906E+03    0.91290E-02    0.16265E-02    0.64982E-03    0.38017E-02   -0.25825E+02   -0.25803E+02   -0.25799E+02
   557    0.28098E+03    0.91502E-02    0.18165E-02    0.61084E-03    0.39681E-02   -0.25819E+02   -0.25797E+02   -0.25793E+02
   558    0.33421E+03    0.92614E-02    0.22977E-02    0.11758E-02    0.36672E-02   -0.25823E+02   -0.25797E+02   -0.25794E+02
   559    0.23652E+03    0.84978E-02    0.20148E-02    0.19670E-02    0.33942E-02   -0.25822E+02   -0.25801E+02   -0.25797E+02
   560    0.21065E+03    0.84831E-02    0.20137E-02    0.12739E-03    0.26781E-02   -0.25821E+02   -0.25802E+02   -0.25800E+02
   561    0.20924E+03    0.87838E-02    0.22834E-02    0.11811E-02    0.12093E-02   -0.25821E+02   -0.25801E+02   -0.25799E+02
   562    0.32235E+03    0.93277E-02    0.17376E-02    0.94464E-03    0.36362E-03   -0.25824E+02   -0.25799E+02   -0.25799E+02
   563    0.31779E+03    0.92886E-02    0.16932E-02    0.24327E-03    0.14841E-03   -0.25821E+02   -0.25798E+02   -0.25798E+02
   564    0.30000E+03    0.10607E-01    0.21905E-02    0.86681E-03    0.69366E-04   -0.25827E+02   -0.25801E+02   -0.25801E+02
   565    0.34071E+03    0.98257E-02    0.27799E-02    0.13899E-02    0.46878E-04   -0.25830E+02   -0.25803E+02   -0.25803E+02
   566    0.27518E+03    0.93718E-02    0.25641E-02    0.41091E-03    0.17029E-03   -0.25827E+02   -0.25804E+02   -0.25803E+02
   567    0.27667E+03    0.93108E-02    0.21450E-02    0.19837E-02    0.68851E-04   -0.25829E+02   -0.25805E+02   -0.25805E+02
   568    0.24928E+03    0.94057E-02    0.23273E-02    0.27615E-02    0.99624E-04   -0.25829E+02   -0.25805E+02   -0.25805E+02
   569    0.30915E+03    0.91885E-02    0.23471E-02    0.10343E-02    0.16164E-03   -0.25832E+02   -0.25808E+02   -0.25808E+02
   570    0.24381E+03    0.92369E-02    0.24126E-02    0.10643E-02    0.23395E-03   -0.25827E+02   -0.25805E+02   -0.25805E+02
   571    0.24451E+03    0.87724E-02    0.27448E-02    0.90060E-03    0.23279E-03   -0.25828E+02   -0.25806E+02   -0.25806E+02
   572    0.32205E+03    0.96540E-02    0.23129E-02    0.96966E-03    0.21621E-03   -0.25831E+02   -0.25806E+02   -0.25806E+02
   573    0.31859E+03    0.92529E-02    0.25565E-02    0.39966E-03    0.24536E-03   -0.25830E+02   -0.25805E+02   -0.25805E+02
   574    0.38800E+03    0.99134E-02    0.26608E-02    0.86300E-03    0.12419E-03   -0.25834E+02   -0.25806E+02   -0.25806E+02
   575    0.31874E+03    0.94720E-02    0.22290E-02    0.12564E-03    0.12462E-03   -0.25832E+02   -0.25808E+02   -0.25808E+02
   576    0.36366E+03    0.94843E-02    0.23831E-02    0.10488E-03    0.13872E-03   -0.25834E+02   -0.25808E+02   -0.25808E+02
   577    0.25273E+03    0.87603E-02    0.23057E-02    0.16426E-03    0.59804E-04   -0.25829E+02   -0.25808E+02   -0.25808E+02
   578    0.32913E+03    0.92976E-02    0.21597E-02    0.46324E-03    0.63663E-04   -0.25833E+02   -0.25808E+02   -0.25808E+02
   579    0.33054E+03    0.95679E-02    0.19974E-02    0.10647E-03    0.24318E-03   -0.25832E+02   -0.25808E+02   -0.25807E+02
   580    0.25483E+03    0.96325E-02    0.21923E-02    0.17454E-02    0.13938E-03   -0.25831E+02   -0.25808E+02   -0.25807E+02
   581    0.39859E+03    0.10094E-01    0.23053E-02    0.13464E-04    0.26512E-03   -0.25836E+02   -0.25808E+02   -0.25808E+02
   582    0.29864E+03    0.96832E-02    0.15643E-02    0.24642E-02    0.18426E-03   -0.25833E+02   -0.25808E+02   -0.25807E+02
   583    0.25930E+03    0.95832E-02    0.18198E-02    0.94322E-03    0.18471E-03   -0.25828E+02   -0.25806E+02   -0.25806E+02
   584    0.36067E+03    0.97694E-02    0.20913E-02    0.22262E-03    0.67183E-03   -0.25834E+02   -0.25808E+02   -0.25807E+02
   585    0.27335E+03    0.93779E-02    0.20824E-02    0.62461E-03    0.12208E-03   -0.25831E+02   -0.25808E+02   -0.25808E+02
   586    0.24140E+03    0.91266E-02    0.21079E-02    0.37377E-03    0.22998E-03   -0.25831E+02   -0.25810E+02   -0.25810E+02
   587    0.23624E+03    0.88552E-02    0.21149E-02    0.73803E-04    0.11262E-03   -0.25830E+02   -0.25810E+02   -0.25810E+02
   588    0.26269E+03    0.96988E-02    0.22231E-02    0.28486E-02    0.20540E-03   -0.25830E+02   -0.25806E+02   -0.25805E+02
   589    0.27581E+03    0.95979E-02    0.26617E-02    0.44990E-03    0.41538E-03   -0.25828E+02   -0.25805E+02   -0.25805E+02
   590    0.26335E+03    0.94753E-02    0.16885E-02    0.10207E-02    0.18228E-03   -0.25819E+02   -0.25797E+02   -0.25797E+02
   591    0.31301E+03    0.98977E-02    0.18813E-02    0.15179E-02    0.10053E-03   -0.25829E+02   -0.25804E+02   -0.25804E+02
   592    0.21565E+03    0.92986E-02    0.28422E-02    0.14259E-02    0.12001E-03   -0.25826E+02   -0.25804E+02   -0.25804E+02
   593    0.24217E+03    0.97312E-02    0.24010E-02    0.67810E-03    0.51822E-03   -0.25823E+02   -0.25801E+02   -0.25800E+02
   594    0.30388E+03    0.10866E-01    0.18633E-02    0.67817E-03    0.17831E-03   -0.25829E+02   -0.25804E+02   -0.25804E+02
   595    0.24963E+03    0.94932E-02    0.20380E-02    0.71932E-04    0.13097E-03   -0.25825E+02   -0.25803E+02   -0.25803E+02
   596    0.25795E+03    0.95628E-02    0.20365E-02    0.16703E-02    0.41139E-03   -0.25826E+02   -0.25802E+02   -0.25802E+02
   597    0.23404E+03    0.92209E-02    0.27729E-02    0.15967E-03    0.77078E-03   -0.25822E+02   -0.25801E+02   -0.25800E+02
   598    0.29990E+03    0.10106E-01    0.24786E-02    0.13247E-02    0.15848E-03   -0.25823E+02   -0.25797E+02   -0.25797E+02
   599    0.30000E+03    0.95095E-02    0.17914E-02    0.42477E-02    0.16352E-03   -0.25819E+02   -0.25792E+02   -0.25792E+02
   600    0.39047E+03    0.10316E-01    0.16432E-02    0.10739E-02    0.10644E-02   -0.25819E+02   -0.25791E+02   -0.25790E+02
   601    0.33253E+03    0.10294E-01    0.17361E-02    0.16542E-02    0.21408E-03   -0.25820E+02   -0.25793E+02   -0.25793E+02
   602    0.29667E+03    0.97222E-02    0.32269E-02    0.37227E-02    0.37121E-04   -0.25816E+02   -0.25788E+02   -0.25788E+02
   603    0.37200E+03    0.10061E-01    0.20797E-02    0.54989E-03    0.44383E-03   -0.25814E+02   -0.25787E+02   -0.25786E+02
   604    0.24081E+03    0.99056E-02    0.26219E-02    0.16586E-04    0.30539E-03   -0.25809E+02   -0.25787E+02   -0.25786E+02
   605    0.38276E+03    0.10548E-01    0.17913E-02    0.25954E-02    0.12100E-03   -0.25816E+02   -0.25787E+02   -0.25787E+02
   606    0.31609E+03    0.10563E-01    0.27655E-02    0.14468E-02    0.10034E-02   -0.25812E+02   -0.25785E+02   -0.25784E+02
   607    0.35155E+03    0.10840E-01    0.25212E-02    0.22646E-03    0.47544E-03   -0.25819E+02   -0.25792E+02   -0.25792E+02
   608    0.31691E+03    0.10260E-01    0.31235E-02    0.42328E-04    0.30045E-03   -0.25816E+02   -0.25791E+02   -0.25791E+02
   609    0.37039E+03    0.11144E-01    0.27818E-02    0.10957E-03    0.77254E-04   -0.25820E+02   -0.25791E+02   -0.25791E+02
   610    0.36995E+03    0.11027E-01    0.21726E-02    0.61244E-04    0.18661E-03   -0.25823E+02   -0.25796E+02   -0.25796E+02
   611    0.34019E+03    0.11316E-01    0.29091E-02    0.16203E-02    0.32919E-03   -0.25824E+02   -0.25795E+02   -0.25795E+02
   612    0.33821E+03    0.10471E-01    0.25926E-02    0.24097E-03    0.61491E-03   -0.25826E+02   -0.25799E+02   -0.25799E+02
   613    0.21201E+03    0.10208E-01    0.20569E-02    0.27356E-02    0.54434E-03   -0.25825E+02   -0.25802E+02   -0.25802E+02
   614    0.21082E+03    0.95565E-02    0.20202E-02    0.98962E-03    0.24759E-03   -0.25826E+02   -0.25805E+02   -0.25805E+02
   615    0.22363E+03    0.99709E-02    0.24694E-02    0.26284E-04    0.55668E-03   -0.25823E+02   -0.25802E+02   -0.25801E+02
   616    0.21236E+03    0.95543E-02    0.21747E-02    0.13656E-02    0.82378E-04   -0.25820E+02   -0.25799E+02   -0.25799E+02
   617    0.22302E+03    0.97461E-02    0.25313E-02    0.16788E-02    0.48827E-03   -0.25825E+02   -0.25802E+02   -0.25801E+02
   618    0.20229E+03    0.93386E-02    0.21998E-02    0.13970E-03    0.20014E-03   -0.25823E+02   -0.25804E+02   -0.25804E+02
   619    0.28266E+03    0.99408E-02    0.22337E-02    0.16442E-02    0.49890E-03   -0.25825E+02   -0.25800E+02   -0.25799E+02
   620    0.28610E+03    0.98548E-02    0.27653E-02    0.74727E-03    0.50755E-03   -0.25825E+02   -0.25801E+02   -0.25801E+02
   621    0.26222E+03    0.99260E-02    0.23435E-02    0.12281E-02    0.90699E-03   -0.25825E+02   -0.25801E+02   -0.25800E+02
   622    0.28807E+03    0.10404E-01    0.14583E-02    0.17565E-02    0.32369E-03   -0.25824E+02   -0.25800E+02   -0.25800E+02
   623    0.27750E+03    0.10173E-01    0.23417E-02    0.41281E-03    0.14545E-03   -0.25822E+02   -0.25799E+02   -0.25798E+02
   624    0.32735E+03    0.98951E-02    0.27470E-02    0.30456E-03    0.44982E-03   -0.25824E+02   -0.25798E+02   -0.25797E+02
   625    0.39699E+03    0.11392E-01    0.23482E-02    0.66259E-03    0.20214E-03   -0.25827E+02   -0.25797E+02   -0.25797E+02
   626    0.36423E+03    0.11237E-01    0.40075E-02    0.86950E-03    0.11458E-03   -0.25827E+02   -0.25797E+02   -0.25797E+02
   627    0.33073E+03    0.11065E-01    0.39674E-02    0.59772E-03    0.19094E-03   -0.25829E+02   -0.25801E+02   -0.25801E+02
   628    0.33646E+03    0.10398E-01    0.36575E-02    0.66664E-04    0.51379E-04   -0.25828E+02   -0.25801E+02   -0.25801E+02
   629    0.30613E+03    0.10524E-01    0.38677E-02    0.14480E-02    0.15622E-03   -0.25830E+02   -0.25802E+02   -0.25802E+02
   630    0.21913E+03    0.96637E-02    0.29855E-02    0.15219E-03    0.33368E-03   -0.25827E+02   -0.25805E+02   -0.25805E+02
   631    0.30103E+03    0.97484E-02    0.22750E-02    0.74197E-03    0.31349E-03   -0.25830E+02   -0.25806E+02   -0.25805E+02
   632    0.28479E+03    0.10038E-01    0.22051E-02    0.74949E-03    0.46591E-03   -0.25826E+02   -0.25803E+02   -0.25802E+02
   633    0.30055E+03    0.10366E-01    0.25718E-02    0.30083E-03    0.77860E-03   -0.25829E+02   -0.25804E+02   -0.25803E+02
   634    0.31200E+03    0.10171E-01    0.23953E-02    0.22473E-03    0.25101E-02   -0.25829E+02   -0.25804E+02   -0.25802E+02
   635    0.28952E+03    0.10310E-01    0.15779E-02    0.46160E-03    0.36932E-02   -0.25828E+02   -0.25804E+02   -0.25800E+02
   636    0.31097E+03    0.10328E-01    0.27328E-02    0.19093E-04    0.52845E-02   -0.25828E+02   -0.25803E+02   -0.25798E+02
   637    0.26011E+03    0.10063E-01    0.18274E-02    0.32722E-02    0.56256E-02   -0.25828E+02   -0.25803E+02   -0.25797E+02
   638    0.37991E+03    0.10547E-01    0.21146E-02    0.70129E-03    0.44138E-02   -0.25829E+02   -0.25801E+02   -0.25796E+02
   639    0.28510E+03    0.10281E-01    0.23584E-02    0.10149E-02    0.19605E-02   -0.25828E+02   -0.25803E+02   -0.25801E+02
   640    0.33982E+03    0.10679E-01    0.24118E-02    0.10717E-04    0.58819E-03   -0.25830E+02   -0.25804E+02   -0.25803E+02
   641    0.35976E+03    0.11539E-01    0.21439E-02    0.18363E-02    0.54893E-03   -0.25832E+02   -0.25803E+02   -0.25802E+02
   642    0.32000E+03    0.10658E-01    0.24417E-02    0.29822E-03    0.56070E-03   -0.25827E+02   -0.25801E+02   -0.25801E+02
   643    0.36835E+03    0.10838E-01    0.26105E-02    0.41758E-03    0.37993E-03   -0.25829E+02   -0.25801E+02   -0.25801E+02
   644    0.26773E+03    0.10470E-01    0.21608E-02    0.20803E-03    0.47399E-03   -0.25826E+02   -0.25803E+02   -0.25802E+02
   645    0.25156E+03    0.10465E-01    0.26934E-02    0.25744E-03    0.85007E-03   -0.25825E+02   -0.25802E+02   -0.25801E+02
   646    0.33508E+03    0.10996E-01    0.22291E-02    0.47557E-03    0.63840E-03   -0.25828E+02   -0.25802E+02   -0.25801E+02
   647    0.21910E+03    0.96725E-02    0.22952E-02    0.15949E-02    0.48535E-03   -0.25824E+02   -0.25802E+02   -0.25802E+02
   648    0.28637E+03    0.10893E-01    0.24133E-02    0.54966E-03    0.12579E-02   -0.25824E+02   -0.25799E+02   -0.25798E+02
   649    0.27604E+03    0.10872E-01    0.17337E-02    0.25391E-02    0.12364E-02   -0.25823E+02   -0.25797E+02   -0.25796E+02
   650    0.38201E+03    0.10665E-01    0.15983E-02    0.40046E-02    0.16037E-02   -0.25825E+02   -0.25794E+02   -0.25793E+02
   651    0.35214E+03    0.10933E-01    0.18181E-02    0.21030E-02    0.18312E-02   -0.25820E+02   -0.25792E+02   -0.25790E+02
   652    0.27582E+03    0.10514E-01    0.15155E-02    0.83888E-03    0.30643E-02   -0.25814E+02   -0.25791E+02   -0.25788E+02
   653    0.36454E+03    0.11209E-01    0.17110E-02    0.30191E-02    0.32224E-02   -0.25818E+02   -0.25788E+02   -0.25785E+02
   654    0.36742E+03    0.11734E-01    0.23947E-02    0.48243E-02    0.52709E-02   -0.25817E+02   -0.25784E+02   -0.25779E+02
   655    0.34747E+03    0.11125E-01    0.81827E-02    0.86459E-03    0.86396E-02   -0.25819E+02   -0.25786E+02   -0.25777E+02
   656    0.29654E+03    0.10617E-01    0.73680E-02    0.23857E-02    0.78622E-02   -0.25820E+02   -0.25788E+02   -0.25781E+02
   657    0.32264E+03    0.10742E-01    0.90973E-02    0.26328E-04    0.38106E-02   -0.25822E+02   -0.25790E+02   -0.25786E+02
   658    0.28624E+03    0.99152E-02    0.86855E-02    0.13263E-02    0.56957E-02   -0.25819E+02   -0.25788E+02   -0.25782E+02
   659    0.30651E+03    0.10765E-01    0.66545E-02    0.20713E-02    0.72924E-02   -0.25819E+02   -0.25788E+02   -0.25781E+02
   660    0.31530E+03    0.10643E-01    0.74553E-02    0.29183E-02    0.76159E-02   -0.25824E+02   -0.25791E+02   -0.25783E+02
   661    0.25507E+03    0.10721E-01    0.75069E-02    0.93227E-04    0.55741E-02   -0.25816E+02   -0.25788E+02   -0.25782E+02
   662    0.31671E+03    0.10944E-01    0.10364E-01    0.27969E-03    0.86610E-03   -0.25818E+02   -0.25785E+02   -0.25784E+02
   663    0.32503E+03    0.11324E-01    0.89652E-02    0.15631E-02    0.14580E-03   -0.25821E+02   -0.25786E+02   -0.25786E+02
   664    0.31852E+03    0.10632E-01    0.35329E-02    0.38634E-02    0.10653E-03   -0.25819E+02   -0.25789E+02   -0.25789E+02
   665    0.33832E+03    0.10604E-01    0.28684E-02    0.87163E-03    0.33155E-03   -0.25815E+02   -0.25788E+02   -0.25788E+02
   666    0.27180E+03    0.10664E-01    0.24335E-02    0.11559E-02    0.58394E-03   -0.25812E+02   -0.25787E+02   -0.25786E+02
   667    0.29871E+03    0.10692E-01    0.23832E-02    0.14162E-02    0.34949E-03   -0.25812E+02   -0.25786E+02   -0.25786E+02
   668    0.25330E+03    0.10409E-01    0.15774E-02    0.96662E-03    0.85780E-04   -0.25808E+02   -0.25785E+02   -0.25785E+02
   669    0.35540E+03    0.11321E-01    0.22305E-02    0.19173E-02    0.80208E-03   -0.25812E+02   -0.25783E+02   -0.25782E+02
   670    0.36643E+03    0.11393E-01    0.17646E-02    0.13675E-02    0.42562E-03   -0.25817E+02   -0.25788E+02   -0.25788E+02
   671    0.33535E+03    0.11627E-01    0.21135E-02    0.87865E-03    0.94018E-04   -0.25819E+02   -0.25792E+02   -0.25792E+02
   672    0.31292E+03    0.12580E-01    0.26280E-02    0.39803E-03    0.34651E-03   -0.25825E+02   -0.25797E+02   -0.25797E+02
   673    0.38595E+03    0.12170E-01    0.22541E-02    0.94827E-03    0.69261E-03   -0.25828E+02   -0.25798E+02   -0.25797E+02
   674    0.39958E+03    0.12337E-01    0.30170E-02    0.14324E-02    0.87333E-03   -0.25832E+02   -0.25800E+02   -0.25799E+02
   675    0.37384E+03    0.11828E-01    0.26501E-02    0.32611E-03    0.11124E-02   -0.25834E+02   -0.25805E+02   -0.25804E+02
   676    0.29520E+03    0.10967E-01    0.21546E-02    0.24552E-02    0.16000E-02   -0.25835E+02   -0.25808E+02   -0.25806E+02
   677    0.22734E+03    0.11267E-01    0.25216E-02    0.36554E-02    0.22272E-02   -0.25834E+02   -0.25808E+02   -0.25805E+02
   678    0.20284E+03    0.10990E-01    0.21844E-02    0.12742E-02    0.35319E-02   -0.25830E+02   -0.25808E+02   -0.25804E+02
   679    0.27909E+03    0.10884E-01    0.24998E-02    0.33742E-03    0.33284E-02   -0.25830E+02   -0.25805E+02   -0.25802E+02
   680    0.27128E+03    0.11052E-01    0.20686E-02    0.72127E-03    0.29758E-02   -0.25831E+02   -0.25807E+02   -0.25804E+02
   681    0.30723E+03    0.11172E-01    0.20806E-02    0.25486E-02    0.39603E-02   -0.25837E+02   -0.25810E+02   -0.25806E+02
   682    0.28875E+03    0.11490E-01    0.23280E-02    0.99524E-03    0.57911E-02   -0.25838E+02   -0.25813E+02   -0.25807E+02
   683    0.25900E+03    0.10713E-01    0.25191E-02    0.18609E-02    0.64377E-02   -0.25834E+02   -0.25809E+02   -0.25803E+02
   684    0.21467E+03    0.10500E-01    0.22950E-02    0.53104E-02    0.58629E-02   -0.25832E+02   -0.25806E+02   -0.25800E+02
   685    0.29449E+03    0.10799E-01    0.29292E-02    0.52717E-02    0.53221E-02   -0.25831E+02   -0.25801E+02   -0.25795E+02
   686    0.33515E+03    0.11410E-01    0.66004E-02    0.12959E-02    0.26184E-02   -0.25829E+02   -0.25797E+02   -0.25795E+02
   687    0.36708E+03    0.11332E-01    0.50378E-02    0.25186E-02    0.31788E-03   -0.25833E+02   -0.25800E+02   -0.25799E+02
   688    0.38428E+03    0.12570E-01    0.31752E-02    0.17008E-02    0.15928E-03   -0.25835E+02   -0.25803E+02   -0.25803E+02
   689    0.28574E+03    0.11621E-01    0.25343E-02    0.56201E-03    0.31893E-03   -0.25827E+02   -0.25802E+02   -0.25802E+02
   690    0.27539E+03    0.11048E-01    0.34920E-02    0.31617E-03    0.20045E-03   -0.25825E+02   -0.25800E+02   -0.25800E+02
   691    0.29798E+03    0.11049E-01    0.28951E-02    0.30915E-02    0.56313E-04   -0.25828E+02   -0.25800E+02   -0.25800E+02
   692    0.30000E+03    0.10479E-01    0.24132E-02    0.33922E-02    0.71196E-03   -0.25822E+02   -0.25795E+02   -0.25794E+02
   693    0.25611E+03    0.10316E-01    0.23946E-02    0.21756E-02    0.21312E-02   -0.25819E+02   -0.25795E+02   -0.25793E+02
   694    0.36003E+03    0.11545E-01    0.27433E-02    0.95120E-03    0.44349E-02   -0.25825E+02   -0.25797E+02   -0.25792E+02
   695    0.32129E+03    0.10989E-01    0.18209E-02    0.51962E-03    0.84139E-02   -0.25823E+02   -0.25797E+02   -0.25789E+02
   696    0.35338E+03    0.11444E-01    0.16949E-02    0.29245E-03    0.10809E-01   -0.25823E+02   -0.25796E+02   -0.25785E+02
   697    0.30789E+03    0.11122E-01    0.27159E-02    0.10274E-02    0.12925E-01   -0.25822E+02   -0.25796E+02   -0.25783E+02
   698    0.23878E+03    0.10699E-01    0.24540E-02    0.12468E-03    0.10128E-01   -0.25819E+02   -0.25796E+02   -0.25786E+02
   699    0.22453E+03    0.10614E-01    0.23036E-02    0.23841E-02    0.67030E-02   -0.25818E+02   -0.25794E+02   -0.25788E+02
   700    0.26927E+03    0.11056E-01    0.37238E-02    0.68949E-02    0.30789E-02   -0.25820E+02   -0.25788E+02   -0.25785E+02
   701    0.35717E+03    0.11853E-01    0.37479E-02    0.47264E-02    0.15034E-02   -0.25821E+02   -0.25787E+02   -0.25786E+02
   702    0.35231E+03    0.11915E-01    0.39475E-02    0.32481E-02    0.41055E-03   -0.25819E+02   -0.25786E+02   -0.25786E+02
   703    0.34879E+03    0.11721E-01    0.33670E-02    0.71176E-03    0.29096E-03   -0.25817E+02   -0.25788E+02   -0.25787E+02
   704    0.35107E+03    0.11784E-01    0.40708E-02    0.43941E-03    0.27483E-03   -0.25815E+02   -0.25786E+02   -0.25785E+02
   705    0.33871E+03    0.12359E-01    0.30024E-02    0.55823E-03    0.70827E-04   -0.25814E+02   -0.25785E+02   -0.25785E+02
   706    0.34284E+03    0.12531E-01    0.26235E-02    0.25168E-04    0.13195E-03   -0.25813E+02   -0.25785E+02   -0.25785E+02
   707    0.30542E+03    0.11778E-01    0.24007E-02    0.11267E-02    0.12546E-03   -0.25811E+02   -0.25784E+02   -0.25784E+02
   708    0.31818E+03    0.11606E-01    0.18808E-02    0.43354E-02    0.14581E-03   -0.25814E+02   -0.25784E+02   -0.25784E+02
   709    0.27454E+03    0.11614E-01    0.29747E-02    0.14229E-02    0.44274E-03   -0.25810E+02   -0.25784E+02   -0.25784E+02
   710    0.29010E+03    0.11160E-01    0.28638E-02    0.67570E-03    0.48746E-03   -0.25808E+02   -0.25782E+02   -0.25781E+02
   711    0.22137E+03    0.11363E-01    0.24321E-02    0.92417E-03    0.29062E-03   -0.25803E+02   -0.25781E+02   -0.25780E+02
   712    0.23981E+03    0.11339E-01    0.22932E-02    0.13812E-03    0.13549E-03   -0.25797E+02   -0.25774E+02   -0.25774E+02
   713    0.34133E+03    0.12284E-01    0.26247E-02    0.57447E-03    0.60240E-03   -0.25803E+02   -0.25775E+02   -0.25774E+02
   714    0.39502E+03    0.12655E-01    0.25170E-02    0.21884E-02    0.36700E-03   -0.25813E+02   -0.25781E+02   -0.25781E+02
   715    0.30976E+03    0.11759E-01    0.32958E-02    0.34693E-02    0.82171E-03   -0.25812E+02   -0.25782E+02   -0.25781E+02
   716    0.30116E+03    0.11691E-01    0.31924E-02    0.64065E-03    0.23409E-02   -0.25810E+02   -0.25783E+02   -0.25781E+02
   717    0.28498E+03    0.11086E-01    0.25900E-02    0.99194E-03    0.20248E-02   -0.25809E+02   -0.25783E+02   -0.25781E+02
   718    0.28980E+03    0.11759E-01    0.27366E-02    0.21683E-02    0.10530E-02   -0.25811E+02   -0.25784E+02   -0.25783E+02
   719    0.20377E+03    0.10971E-01    0.31558E-02    0.11405E-02    0.19544E-02   -0.25806E+02   -0.25783E+02   -0.25781E+02
   720    0.39587E+03    0.12318E-01    0.37208E-02    0.75327E-04    0.25804E-02   -0.25814E+02   -0.25783E+02   -0.25780E+02
   721    0.31555E+03    0.12081E-01    0.32555E-02    0.25903E-02    0.13546E-02   -0.25821E+02   -0.25791E+02   -0.25790E+02
   722    0.25406E+03    0.11984E-01    0.45226E-02    0.94058E-03    0.12994E-02   -0.25817E+02   -0.25790E+02   -0.25789E+02
   723    0.33637E+03    0.12676E-01    0.42424E-02    0.11593E-03    0.21662E-02   -0.25821E+02   -0.25791E+02   -0.25789E+02
   724    0.32768E+03    0.12466E-01    0.29324E-02    0.48085E-04    0.17176E-02   -0.25821E+02   -0.25793E+02   -0.25791E+02
   725    0.35595E+03    0.12826E-01    0.30956E-02    0.99256E-03    0.21361E-02   -0.25824E+02   -0.25793E+02   -0.25791E+02
   726    0.23197E+03    0.11515E-01    0.27876E-02    0.96519E-03    0.26810E-02   -0.25820E+02   -0.25796E+02   -0.25793E+02
   727    0.24782E+03    0.11551E-01    0.20994E-02    0.18636E-02    0.23029E-02   -0.25820E+02   -0.25795E+02   -0.25793E+02
   728    0.26332E+03    0.11724E-01    0.26405E-02    0.25622E-02    0.18764E-02   -0.25819E+02   -0.25793E+02   -0.25791E+02
   729    0.28232E+03    0.11264E-01    0.23668E-02    0.11832E-02    0.20962E-02   -0.25820E+02   -0.25795E+02   -0.25793E+02
   730    0.36144E+03    0.12498E-01    0.24353E-02    0.41651E-04    0.14702E-02   -0.25824E+02   -0.25795E+02   -0.25794E+02
   731    0.26754E+03    0.11972E-01    0.22026E-02    0.68123E-03    0.69971E-03   -0.25820E+02   -0.25795E+02   -0.25794E+02
   732    0.37558E+03    0.12584E-01    0.18834E-02    0.34890E-05    0.25351E-02   -0.25824E+02   -0.25795E+02   -0.25792E+02
   733    0.26058E+03    0.11487E-01    0.17104E-02    0.41261E-03    0.41494E-02   -0.25818E+02   -0.25795E+02   -0.25791E+02
   734    0.29433E+03    0.11829E-01    0.21225E-02    0.65209E-03    0.58932E-02   -0.25819E+02   -0.25793E+02   -0.25787E+02
   735    0.31482E+03    0.11730E-01    0.25995E-02    0.14054E-02    0.63273E-02   -0.25819E+02   -0.25792E+02   -0.25785E+02
   736    0.39375E+03    0.12711E-01    0.23304E-02    0.12629E-03    0.73350E-02   -0.25822E+02   -0.25792E+02   -0.25784E+02
   737    0.32113E+03    0.12327E-01    0.22769E-02    0.78811E-03    0.78743E-02   -0.25825E+02   -0.25798E+02   -0.25790E+02
   738    0.29963E+03    0.12628E-01    0.25119E-02    0.45118E-03    0.69214E-02   -0.25823E+02   -0.25796E+02   -0.25789E+02
   739    0.35180E+03    0.12886E-01    0.20656E-02    0.90120E-03    0.53339E-02   -0.25826E+02   -0.25797E+02   -0.25791E+02
   740    0.29453E+03    0.12462E-01    0.20235E-02    0.79775E-03    0.38830E-02   -0.25824E+02   -0.25797E+02   -0.25793E+02
   741    0.28252E+03    0.12128E-01    0.21337E-02    0.11225E-02    0.34930E-02   -0.25823E+02   -0.25797E+02   -0.25794E+02
   742    0.26925E+03    0.11528E-01    0.22226E-02    0.11953E-02    0.43847E-02   -0.25824E+02   -0.25799E+02   -0.25794E+02
   743    0.20466E+03    0.11242E-01    0.22445E-02    0.61734E-03    0.35431E-02   -0.25822E+02   -0.25801E+02   -0.25797E+02
   744    0.23495E+03    0.11639E-01    0.22629E-02    0.58212E-04    0.29422E-02   -0.25820E+02   -0.25797E+02   -0.25794E+02
   745    0.32693E+03    0.12133E-01    0.22761E-02    0.33927E-03    0.26644E-02   -0.25824E+02   -0.25797E+02   -0.25794E+02
   746    0.28883E+03    0.12130E-01    0.24352E-02    0.10242E-03    0.35031E-02   -0.25823E+02   -0.25797E+02   -0.25794E+02
   747    0.25041E+03    0.11222E-01    0.16647E-02    0.50147E-03    0.62441E-02   -0.25821E+02   -0.25798E+02   -0.25792E+02
   748    0.26504E+03    0.11653E-01    0.15247E-02    0.84697E-03    0.10349E-01   -0.25817E+02   -0.25793E+02   -0.25782E+02
   749    0.30666E+03    0.12249E-01    0.18431E-02    0.77599E-03    0.12636E-01   -0.25817E+02   -0.25791E+02   -0.25778E+02
   750    0.31742E+03    0.12192E-01    0.16905E-02    0.69311E-03    0.14677E-01   -0.25816E+02   -0.25790E+02   -0.25775E+02
   751    0.38179E+03    0.12632E-01    0.15635E-02    0.15529E-02    0.15325E-01   -0.25818E+02   -0.25788E+02   -0.25773E+02
   752    0.31713E+03    0.12009E-01    0.22175E-02    0.28535E-02    0.12632E-01   -0.25822E+02   -0.25793E+02   -0.25780E+02
   753    0.26707E+03    0.12651E-01    0.20496E-02    0.45252E-03    0.90457E-02   -0.25816E+02   -0.25791E+02   -0.25782E+02
   754    0.33609E+03    0.12863E-01    0.21781E-02    0.65081E-05    0.60626E-02   -0.25818E+02   -0.25790E+02   -0.25784E+02
   755    0.32415E+03    0.12668E-01    0.25298E-02    0.52322E-03    0.34793E-02   -0.25818E+02   -0.25790E+02   -0.25786E+02
   756    0.39323E+03    0.12822E-01    0.29631E-02    0.17583E-02    0.19087E-02   -0.25821E+02   -0.25789E+02   -0.25787E+02
   757    0.33555E+03    0.12714E-01    0.35299E-02    0.88315E-03    0.13241E-02   -0.25817E+02   -0.25787E+02   -0.25785E+02
   758    0.38485E+03    0.13113E-01    0.32918E-02    0.99235E-04    0.13942E-02   -0.25818E+02   -0.25787E+02   -0.25786E+02
   759    0.34287E+03    0.13021E-01    0.27745E-02    0.13197E-03    0.10600E-02   -0.25821E+02   -0.25792E+02   -0.25791E+02
   760    0.32939E+03    0.13023E-01    0.27570E-02    0.66593E-03    0.85638E-03   -0.25822E+02   -0.25793E+02   -0.25792E+02
   761    0.32037E+03    0.12631E-01    0.27085E-02    0.44124E-02    0.10251E-02   -0.25826E+02   -0.25794E+02   -0.25793E+02
   762    0.31572E+03    0.12198E-01    0.30574E-02    0.40805E-02    0.35646E-02   -0.25828E+02   -0.25797E+02   -0.25793E+02
   763    0.21603E+03    0.11799E-01    0.24254E-02    0.13637E-02    0.47715E-02   -0.25824E+02   -0.25801E+02   -0.25796E+02
   764    0.29755E+03    0.12431E-01    0.26010E-02    0.16264E-02    0.40004E-02   -0.25830E+02   -0.25802E+02   -0.25798E+02
   765    0.20533E+03    0.11376E-01    0.20113E-02    0.14750E-02    0.37838E-02   -0.25822E+02   -0.25800E+02   -0.25796E+02
   766    0.31447E+03    0.12228E-01    0.22801E-02    0.59812E-03    0.39940E-02   -0.25826E+02   -0.25799E+02   -0.25795E+02
   767    0.21164E+03    0.12134E-01    0.17957E-02    0.14267E-02    0.39482E-02   -0.25822E+02   -0.25799E+02   -0.25795E+02
   768    0.33396E+03    0.12582E-01    0.14916E-02    0.46139E-02    0.45287E-02   -0.25828E+02   -0.25797E+02   -0.25792E+02
   769    0.34816E+03    0.13441E-01    0.15755E-02    0.52010E-02    0.38453E-02   -0.25827E+02   -0.25794E+02   -0.25790E+02
   770    0.37740E+03    0.12930E-01    0.23148E-02    0.43998E-02    0.34856E-02   -0.25830E+02   -0.25796E+02   -0.25793E+02
   771    0.33410E+03    0.12920E-01    0.25492E-02    0.87481E-03    0.33643E-02   -0.25829E+02   -0.25800E+02   -0.25797E+02
   772    0.32285E+03    0.12882E-01    0.26393E-02    0.58255E-03    0.50272E-02   -0.25830E+02   -0.25801E+02   -0.25796E+02
   773    0.29119E+03    0.12055E-01    0.26149E-02    0.17631E-02    0.51131E-02   -0.25831E+02   -0.25803E+02   -0.25798E+02
   774    0.26904E+03    0.12106E-01    0.31977E-02    0.13833E-02    0.77786E-02   -0.25832E+02   -0.25805E+02   -0.25797E+02
   775    0.22483E+03    0.11757E-01    0.53852E-02    0.12080E-02    0.11234E-01   -0.25832E+02   -0.25804E+02   -0.25793E+02
   776    0.30169E+03    0.12693E-01    0.73966E-02    0.67630E-03    0.10484E-01   -0.25835E+02   -0.25803E+02   -0.25792E+02
   777    0.24756E+03    0.12215E-01    0.11126E-01    0.71726E-04    0.91059E-02   -0.25832E+02   -0.25799E+02   -0.25790E+02
   778    0.34443E+03    0.13155E-01    0.11162E-01    0.26483E-03    0.71514E-02   -0.25836E+02   -0.25798E+02   -0.25791E+02
   779    0.27916E+03    0.12025E-01    0.10139E-01    0.38455E-03    0.35459E-02   -0.25831E+02   -0.25798E+02   -0.25794E+02
   780    0.26435E+03    0.12038E-01    0.10844E-01    0.42358E-03    0.47346E-03   -0.25829E+02   -0.25796E+02   -0.25795E+02
   781    0.29666E+03    0.11994E-01    0.72051E-02    0.32789E-02    0.13261E-03   -0.25825E+02   -0.25791E+02   -0.25791E+02
