       1 -0.438206E-01 -0.615182E-02  0.000000E+00  0.000000E+00      0.0000E+00      0.0000E+00
       2 -0.529543E-01  0.228788E-01  0.841680E-02  0.224010E-02      0.0000E+00      0.0000E+00
       3 -0.130555E-01  0.632761E-02  0.172124E-01  0.120305E-01      0.0000E+00      0.0000E+00
       4  0.130954E-01 -0.304720E-01  0.513303E-02  0.203896E-01      0.0000E+00      0.0000E+00
       5 -0.893845E-02 -0.594798E-02 -0.315029E-03  0.169899E-01      0.0000E+00      0.0000E+00
       6 -0.472455E-01  0.200594E-01  0.701177E-02  0.196156E-01      0.0000E+00      0.0000E+00
       7 -0.459358E-01 -0.123922E-01  0.273596E-02  0.321667E-01      0.0000E+00      0.0000E+00
       8 -0.354492E-03 -0.484586E-01 -0.683292E-02  0.232652E-01      0.0000E+00      0.0000E+00
       9  0.425137E-01 -0.121997E-01 -0.147007E-01  0.188732E-01      0.0000E+00      0.0000E+00
      10  0.400850E-01  0.825952E-02 -0.444278E-01  0.460620E-02      0.0000E+00      0.0000E+00
      11  0.110765E-01 -0.234385E-01 -0.964971E-02 -0.136560E-02      0.0000E+00      0.0000E+00
      12 -0.784858E-02 -0.331484E-01 -0.909902E-02 -0.118840E-02      0.0000E+00      0.0000E+00
      13  0.569996E-03 -0.551542E-02 -0.111150E-01 -0.388337E-02      0.0000E+00      0.0000E+00
      14  0.241185E-01  0.313636E-02 -0.675822E-02 -0.319623E-02      0.0000E+00      0.0000E+00
      15  0.253593E-01 -0.137455E-01 -0.173118E-01 -0.852401E-02      0.0000E+00      0.0000E+00
      16 -0.957781E-03 -0.357670E-02 -0.737758E-02 -0.491249E-02      0.0000E+00      0.0000E+00
      17 -0.137769E-01  0.139302E-01 -0.204643E-02 -0.274301E-02      0.0000E+00      0.0000E+00
      18  0.851692E-02  0.641418E-02 -0.189980E-02 -0.201713E-02      0.0000E+00      0.0000E+00
      19  0.472710E-01  0.177829E-02 -0.308012E-02 -0.186798E-02      0.0000E+00      0.0000E+00
      20  0.583670E-01  0.187560E-01 -0.987100E-02 -0.817733E-02      0.0000E+00      0.0000E+00
      21  0.326029E-01  0.174526E-01 -0.646750E-04 -0.325578E-01      0.0000E+00      0.0000E+00
      22  0.799779E-02  0.177274E-01  0.922742E-02 -0.136327E-01      0.0000E+00      0.0000E+00
      23  0.751201E-02  0.262557E-01  0.906872E-02 -0.533876E-02      0.0000E+00      0.0000E+00
      24  0.235108E-01  0.336890E-01  0.270766E-01 -0.294043E-02      0.0000E+00      0.0000E+00
      25  0.263489E-01  0.109082E-01  0.235870E-01  0.352420E-02      0.0000E+00      0.0000E+00
      26  0.470812E-02 -0.513359E-02  0.164523E-01  0.302496E-02      0.0000E+00      0.0000E+00
      27 -0.263085E-01  0.181655E-01 -0.183800E-01 -0.141430E-01      0.0000E+00      0.0000E+00
      28 -0.300251E-01  0.259716E-01 -0.414568E-01 -0.297738E-01      0.0000E+00      0.0000E+00
      29  0.915439E-02  0.446943E-02 -0.206976E-01  0.200919E-02      0.0000E+00      0.0000E+00
      30  0.444848E-01 -0.737976E-02 -0.118475E-02 -0.717229E-02      0.0000E+00      0.0000E+00
      31  0.242263E-01 -0.580385E-02 -0.254712E-01 -0.271166E-01      0.0000E+00      0.0000E+00
      32 -0.121161E-01 -0.442030E-02 -0.580153E-01 -0.332264E-01      0.0000E+00      0.0000E+00
      33 -0.736090E-02 -0.513319E-03 -0.742834E-02  0.268293E-01      0.0000E+00      0.0000E+00
      34  0.182918E-01 -0.967130E-02 -0.996134E-02  0.117112E-01      0.0000E+00      0.0000E+00
      35  0.316103E-01 -0.190558E-01 -0.149917E-01  0.125352E-01      0.0000E+00      0.0000E+00
      36  0.206745E-01 -0.242073E-01 -0.356284E-01  0.223709E-01      0.0000E+00      0.0000E+00
      37  0.320052E-03 -0.847086E-02 -0.394046E-01  0.143066E-01      0.0000E+00      0.0000E+00
      38 -0.381156E-02 -0.108175E-01 -0.246169E-01  0.922961E-02      0.0000E+00      0.0000E+00
      39  0.199911E-01 -0.194603E-01 -0.840040E-02  0.915315E-02      0.0000E+00      0.0000E+00
      40  0.441607E-01 -0.151282E-01 -0.310188E-01  0.762278E-02      0.0000E+00      0.0000E+00
      41  0.479460E-01 -0.389386E-02 -0.233945E-01  0.342743E-02      0.0000E+00      0.0000E+00
      42  0.343844E-01 -0.678456E-02 -0.103728E-01  0.137786E-04      0.0000E+00      0.0000E+00
      43  0.258524E-01 -0.158501E-01 -0.138971E-01 -0.375844E-02      0.0000E+00      0.0000E+00
      44  0.341067E-01 -0.145880E-01 -0.156649E-01 -0.163786E-01      0.0000E+00      0.0000E+00
      45  0.499225E-01  0.943859E-02 -0.284292E-01  0.663508E-02      0.0000E+00      0.0000E+00
      46  0.452824E-01  0.222009E-01 -0.501185E-01  0.456789E-01      0.0000E+00      0.0000E+00
      47  0.233056E-01  0.132010E-02 -0.481424E-01  0.340387E-01      0.0000E+00      0.0000E+00
      48  0.247766E-02 -0.135663E-01  0.684519E-02  0.268899E-01      0.0000E+00      0.0000E+00
      49  0.153920E-02 -0.922142E-02  0.195929E-01  0.180136E-01      0.0000E+00      0.0000E+00
      50  0.173726E-01  0.131792E-02 -0.182158E-01  0.124822E-01      0.0000E+00      0.0000E+00
      51  0.293000E-01 -0.607804E-02 -0.383788E-01  0.742855E-02      0.0000E+00      0.0000E+00
      52  0.239644E-01 -0.122869E-01 -0.243157E-01  0.218241E-01      0.0000E+00      0.0000E+00
      53  0.254840E-02 -0.175880E-01  0.111047E-01  0.282910E-01      0.0000E+00      0.0000E+00
      54 -0.146332E-01 -0.114051E-01  0.344800E-01  0.251943E-01      0.0000E+00      0.0000E+00
      55 -0.831268E-02 -0.165251E-01 -0.514063E-01  0.311162E-01      0.0000E+00      0.0000E+00
      56  0.227731E-01 -0.316912E-01 -0.366556E-01  0.563783E-01      0.0000E+00      0.0000E+00
      57  0.303193E-01 -0.399950E-01 -0.197339E-01  0.116913E+00      0.0000E+00      0.0000E+00
      58  0.436014E-02 -0.356621E-01 -0.164246E-01  0.456367E-01      0.0000E+00      0.0000E+00
      59 -0.181174E-01 -0.351631E-01 -0.470123E-02  0.333356E-01      0.0000E+00      0.0000E+00
      60 -0.109139E-02 -0.340463E-01 -0.278855E-02  0.603434E-02      0.0000E+00      0.0000E+00
      61  0.283964E-01 -0.401542E-01 -0.687883E-02  0.446976E-02      0.0000E+00      0.0000E+00
      62  0.293970E-01 -0.423880E-01 -0.309084E-01  0.484181E-02      0.0000E+00      0.0000E+00
      63  0.331912E-02 -0.367297E-01 -0.667560E-02  0.170559E-01      0.0000E+00      0.0000E+00
      64 -0.117667E-01 -0.245602E-01  0.227707E-01  0.414683E-01      0.0000E+00      0.0000E+00
      65 -0.679953E-03 -0.269273E-01  0.120496E-01  0.689334E-01      0.0000E+00      0.0000E+00
      66  0.236673E-01 -0.386937E-01 -0.199794E-01  0.734714E-01      0.0000E+00      0.0000E+00
      67  0.339731E-01 -0.310612E-01 -0.458289E-01  0.492418E-01      0.0000E+00      0.0000E+00
      68  0.240603E-01 -0.148977E-01 -0.545028E-01  0.653356E-01      0.0000E+00      0.0000E+00
      69  0.219542E-01 -0.102741E-01 -0.618684E-01  0.128525E+00      0.0000E+00      0.0000E+00
      70  0.442035E-01 -0.258088E-01 -0.882109E-01  0.854971E-01      0.0000E+00      0.0000E+00
      71  0.819945E-01 -0.186469E-01 -0.438281E-01  0.438708E-01      0.0000E+00      0.0000E+00
      72  0.852864E-01 -0.197791E-01 -0.342431E-01  0.191139E-01      0.0000E+00      0.0000E+00
      73  0.436949E-01 -0.145696E-01 -0.782090E-01  0.558539E-01      0.0000E+00      0.0000E+00
      74  0.152950E-01 -0.393499E-01 -0.473227E-01  0.368405E-01      0.0000E+00      0.0000E+00
      75  0.235552E-01 -0.466501E-01 -0.238518E-02  0.651261E-01      0.0000E+00      0.0000E+00
      76  0.365053E-01 -0.423522E-01 -0.182271E-01  0.304166E-01      0.0000E+00      0.0000E+00
      77  0.374789E-01 -0.192713E-01 -0.948864E-02  0.155870E-01      0.0000E+00      0.0000E+00
      78  0.226105E-01 -0.213814E-01 -0.323955E-02  0.252829E-01      0.0000E+00      0.0000E+00
      79  0.165258E-01 -0.368699E-01 -0.836145E-03  0.190771E-01      0.0000E+00      0.0000E+00
      80  0.224921E-01 -0.506758E-01  0.858574E-02  0.215613E-01      0.0000E+00      0.0000E+00
      81  0.280644E-01 -0.481329E-01  0.158172E-01  0.501881E-02      0.0000E+00      0.0000E+00
      82  0.224792E-01 -0.419414E-01  0.452177E-02  0.106012E-02      0.0000E+00      0.0000E+00
      83  0.122959E-01 -0.424028E-01 -0.260774E-01 -0.328301E-02      0.0000E+00      0.0000E+00
      84  0.222161E-01 -0.398428E-01 -0.414966E-01 -0.116076E-01      0.0000E+00      0.0000E+00
      85  0.410737E-01 -0.390404E-01 -0.276471E-01  0.184035E-01      0.0000E+00      0.0000E+00
      86  0.442705E-01 -0.198461E-01 -0.307255E-01  0.563596E-01      0.0000E+00      0.0000E+00
      87  0.216992E-01 -0.186808E-01 -0.472231E-01  0.626910E-01      0.0000E+00      0.0000E+00
      88  0.139300E-01 -0.232373E-01 -0.471690E-01  0.610905E-01      0.0000E+00      0.0000E+00
      89  0.169353E-01 -0.324429E-01 -0.456723E-01 -0.447124E-01      0.0000E+00      0.0000E+00
      90  0.195317E-01 -0.541719E-02  0.845340E-02 -0.508483E-01      0.0000E+00      0.0000E+00
      91  0.114867E-02  0.475301E-02  0.805242E-03 -0.200293E-01      0.0000E+00      0.0000E+00
      92 -0.760447E-02 -0.149762E-02  0.168482E-01 -0.173204E-01      0.0000E+00      0.0000E+00
      93 -0.112413E-01 -0.131978E-01  0.438812E-01  0.105730E-01      0.0000E+00      0.0000E+00
      94 -0.117093E-01  0.502351E-02  0.628422E-01 -0.322756E-01      0.0000E+00      0.0000E+00
      95 -0.157561E-01  0.162127E-01  0.217809E-01 -0.525398E-01      0.0000E+00      0.0000E+00
      96 -0.197658E-01  0.217276E-01 -0.186931E-01 -0.229282E-01      0.0000E+00      0.0000E+00
      97 -0.128518E-01  0.159997E-01 -0.650836E-02 -0.384917E-01      0.0000E+00      0.0000E+00
      98  0.802023E-02  0.223361E-01  0.118491E-01 -0.537588E-01      0.0000E+00      0.0000E+00
      99  0.221560E-01  0.327118E-01  0.205089E-02 -0.349814E-01      0.0000E+00      0.0000E+00
     100  0.186158E-01  0.349022E-01 -0.353092E-03 -0.235027E-01      0.0000E+00      0.0000E+00
     101  0.546732E-02  0.338055E-01  0.110629E-01 -0.152546E-01      0.0000E+00      0.0000E+00
     102 -0.199802E-01  0.379631E-01  0.180629E-01 -0.104350E-01      0.0000E+00      0.0000E+00
     103 -0.393381E-01  0.394079E-01  0.393374E-01 -0.259030E-02      0.0000E+00      0.0000E+00
     104 -0.528739E-01  0.264709E-01  0.265152E-01  0.645520E-02      0.0000E+00      0.0000E+00
     105 -0.440805E-01  0.263098E-01  0.257409E-01  0.728862E-02      0.0000E+00      0.0000E+00
     106 -0.383620E-01  0.134665E-01  0.301766E-01  0.928438E-02      0.0000E+00      0.0000E+00
     107 -0.328575E-01  0.333567E-02  0.291799E-01 -0.443627E-01      0.0000E+00      0.0000E+00
     108 -0.284218E-01  0.199429E-02  0.332273E-01 -0.264296E-01      0.0000E+00      0.0000E+00
     109 -0.118644E-01  0.172145E-01  0.540681E-01 -0.422470E-01      0.0000E+00      0.0000E+00
     110 -0.128780E-01 -0.399318E-03  0.723006E-01 -0.370138E-01      0.0000E+00      0.0000E+00
     111 -0.284443E-01 -0.766254E-02  0.772236E-01  0.559182E-01      0.0000E+00      0.0000E+00
     112 -0.421695E-01 -0.162649E-01  0.578989E-01  0.472924E-01      0.0000E+00      0.0000E+00
     113 -0.523639E-01 -0.572967E-02  0.379984E-01  0.251864E-01      0.0000E+00      0.0000E+00
     114 -0.558531E-01 -0.714536E-02  0.131303E-01  0.551197E-02      0.0000E+00      0.0000E+00
     115 -0.450396E-01 -0.144944E-01  0.162479E-01  0.842979E-02      0.0000E+00      0.0000E+00
     116 -0.272738E-01 -0.163949E-01  0.230077E-01  0.386194E-01      0.0000E+00      0.0000E+00
     117 -0.182117E-01 -0.154001E-01  0.217246E-01  0.342521E-01      0.0000E+00      0.0000E+00
     118 -0.742265E-02 -0.260516E-01  0.565360E-02  0.396368E-01      0.0000E+00      0.0000E+00
     119  0.220406E-02 -0.389493E-01  0.295975E-01  0.233158E-01      0.0000E+00      0.0000E+00
     120  0.326360E-02 -0.485077E-01  0.130226E-01  0.255243E-01      0.0000E+00      0.0000E+00
     121 -0.193091E-01 -0.404011E-01 -0.514428E-02  0.298942E-01      0.0000E+00      0.0000E+00
     122 -0.333850E-01 -0.269277E-01  0.208376E-02  0.105378E-01      0.0000E+00      0.0000E+00
     123 -0.392448E-01 -0.330161E-01 -0.448255E-04  0.212053E-01      0.0000E+00      0.0000E+00
     124 -0.326178E-01 -0.439202E-01  0.246424E-02  0.161724E-01      0.0000E+00      0.0000E+00
     125 -0.244426E-01 -0.555100E-01  0.164889E-02  0.118790E-01      0.0000E+00      0.0000E+00
     126 -0.777103E-02 -0.381968E-01  0.507818E-01  0.136594E-01      0.0000E+00      0.0000E+00
     127 -0.982732E-02 -0.291498E-01  0.310480E-01  0.219999E-01      0.0000E+00      0.0000E+00
     128 -0.717573E-02 -0.360300E-01 -0.311321E-01  0.307559E-01      0.0000E+00      0.0000E+00
     129  0.642205E-02 -0.412544E-01  0.203486E-01  0.122420E+00      0.0000E+00      0.0000E+00
     130  0.254639E-02 -0.225447E-01  0.544895E-02  0.171873E+00      0.0000E+00      0.0000E+00
     131 -0.206111E-01 -0.249402E-01  0.300932E-01  0.133038E+00      0.0000E+00      0.0000E+00
     132 -0.333770E-01 -0.279729E-01  0.126312E+00  0.617562E-02      0.0000E+00      0.0000E+00
     133 -0.329079E-01 -0.224733E-01  0.100070E+00 -0.171723E-01      0.0000E+00      0.0000E+00
     134 -0.313678E-01 -0.243045E-01  0.451832E-01  0.148336E-02      0.0000E+00      0.0000E+00
     135 -0.395546E-01 -0.313858E-01  0.276950E-01  0.262802E-01      0.0000E+00      0.0000E+00
     136 -0.523912E-01 -0.113669E-01  0.399208E-01  0.234888E-01      0.0000E+00      0.0000E+00
     137 -0.544096E-01 -0.388468E-02  0.426422E-01  0.455885E-01      0.0000E+00      0.0000E+00
     138 -0.507266E-01 -0.163031E-01  0.390439E-01  0.412354E-01      0.0000E+00      0.0000E+00
     139 -0.380252E-01 -0.173532E-01  0.433828E-01 -0.257100E-01      0.0000E+00      0.0000E+00
     140 -0.387748E-01  0.691428E-02  0.209832E-01 -0.380336E-01      0.0000E+00      0.0000E+00
     141 -0.429484E-01  0.915862E-02  0.877578E-02 -0.130512E-01      0.0000E+00      0.0000E+00
     142 -0.469173E-01 -0.800191E-02  0.857116E-02 -0.431455E-01      0.0000E+00      0.0000E+00
     143 -0.415819E-01 -0.144306E-02  0.218181E-01 -0.201078E-01      0.0000E+00      0.0000E+00
     144 -0.410624E-01  0.210120E-01  0.666600E-01 -0.260546E-01      0.0000E+00      0.0000E+00
     145 -0.466350E-01  0.246361E-01  0.593245E-01 -0.400702E-01      0.0000E+00      0.0000E+00
     146 -0.602505E-01  0.900789E-02  0.555053E-01  0.109679E-01      0.0000E+00      0.0000E+00
     147 -0.572983E-01  0.200255E-01  0.520551E-01  0.578039E-01      0.0000E+00      0.0000E+00
     148 -0.444150E-01  0.202685E-01  0.484039E-01  0.783409E-01      0.0000E+00      0.0000E+00
     149 -0.324389E-01  0.151072E-01 -0.904497E-02  0.510936E-01      0.0000E+00      0.0000E+00
     150 -0.219307E-01  0.692862E-02 -0.315242E-01  0.261857E-01      0.0000E+00      0.0000E+00
     151 -0.106340E-01  0.113717E-01 -0.616758E-01  0.196093E-01      0.0000E+00      0.0000E+00
     152  0.636931E-02  0.854713E-02 -0.234846E-01 -0.400576E-01      0.0000E+00      0.0000E+00
     153  0.216012E-01  0.149040E-01  0.193923E-01 -0.563803E-01      0.0000E+00      0.0000E+00
     154  0.270603E-01  0.206577E-01  0.640314E-02 -0.247659E-01      0.0000E+00      0.0000E+00
     155  0.723808E-02  0.213620E-01  0.509591E-03 -0.257524E-01      0.0000E+00      0.0000E+00
     156 -0.109478E-01  0.170735E-01 -0.724787E-02 -0.115620E+00      0.0000E+00      0.0000E+00
     157 -0.139822E-01  0.274398E-01  0.227857E-01 -0.827244E-01      0.0000E+00      0.0000E+00
     158 -0.127606E-01  0.462550E-01  0.136964E-01 -0.627838E-01      0.0000E+00      0.0000E+00
     159 -0.191956E-01  0.517920E-01 -0.514151E-03 -0.385135E-01      0.0000E+00      0.0000E+00
     160 -0.157196E-01  0.552934E-01 -0.147058E-02 -0.370101E-01      0.0000E+00      0.0000E+00
     161 -0.101911E-02  0.587108E-01 -0.570362E-02 -0.302115E-01      0.0000E+00      0.0000E+00
     162  0.281276E-01  0.596170E-01 -0.104193E-01 -0.510999E-01      0.0000E+00      0.0000E+00
     163  0.583687E-01  0.551585E-01 -0.464007E-01 -0.532148E-01      0.0000E+00      0.0000E+00
     164  0.711119E-01  0.567572E-01 -0.480792E-01 -0.592381E-01      0.0000E+00      0.0000E+00
     165  0.576094E-01  0.354223E-01 -0.748184E-01 -0.637353E-01      0.0000E+00      0.0000E+00
     166  0.461593E-01  0.245936E-01 -0.849806E-01 -0.658044E-01      0.0000E+00      0.0000E+00
     167  0.494018E-01  0.277173E-01 -0.641518E-01 -0.540498E-01      0.0000E+00      0.0000E+00
     168  0.542877E-01  0.327668E-01 -0.387171E-01 -0.373459E-01      0.0000E+00      0.0000E+00
     169  0.512520E-01  0.213323E-01 -0.315848E-01 -0.381083E-01      0.0000E+00      0.0000E+00
     170  0.365150E-01  0.236429E-01 -0.428125E-01 -0.274512E-01      0.0000E+00      0.0000E+00
     171  0.350753E-01  0.231735E-01 -0.331453E-01 -0.313770E-02      0.0000E+00      0.0000E+00
     172  0.442384E-01  0.101571E-01 -0.158527E-01  0.598089E-04      0.0000E+00      0.0000E+00
     173  0.530226E-01 -0.890243E-03 -0.185881E-01  0.621641E-02      0.0000E+00      0.0000E+00
     174  0.522785E-01  0.821998E-02 -0.227697E-01  0.568537E-01      0.0000E+00      0.0000E+00
     175  0.558543E-01  0.913085E-02 -0.476613E-01  0.487020E-02      0.0000E+00      0.0000E+00
     176  0.571789E-01 -0.258894E-02 -0.106948E+00 -0.236468E-01      0.0000E+00      0.0000E+00
     177  0.746539E-01 -0.820283E-02 -0.973253E-01 -0.331172E-01      0.0000E+00      0.0000E+00
     178  0.913040E-01 -0.412929E-03 -0.480033E-01 -0.115509E-01      0.0000E+00      0.0000E+00
     179  0.819667E-01 -0.139576E-01 -0.470127E-01 -0.565565E-02      0.0000E+00      0.0000E+00
     180  0.535318E-01 -0.249854E-01 -0.637131E-01  0.262373E-02      0.0000E+00      0.0000E+00
     181  0.378374E-01 -0.105666E-01 -0.710981E-01 -0.664839E-01      0.0000E+00      0.0000E+00
     182  0.329972E-01 -0.125560E-01 -0.944410E-01 -0.410021E-01      0.0000E+00      0.0000E+00
     183  0.380403E-01 -0.406906E-01 -0.420224E-01  0.593267E-01      0.0000E+00      0.0000E+00
     184  0.342059E-01 -0.471757E-01 -0.764554E-01  0.997695E-01      0.0000E+00      0.0000E+00
     185  0.280390E-01 -0.147746E-01 -0.802603E-01  0.636189E-01      0.0000E+00      0.0000E+00
     186  0.445246E-01 -0.107001E-01 -0.558436E-01  0.211127E-01      0.0000E+00      0.0000E+00
     187  0.787982E-01 -0.417753E-01 -0.336638E-01 -0.883449E-02      0.0000E+00      0.0000E+00
     188  0.100526E+00 -0.343243E-01 -0.354550E-01 -0.503256E-02      0.0000E+00      0.0000E+00
     189  0.796181E-01 -0.118737E-02 -0.118518E+00 -0.105833E-01      0.0000E+00      0.0000E+00
     190  0.713517E-01 -0.199565E-01 -0.726262E-01 -0.248937E-01      0.0000E+00      0.0000E+00
     191  0.649826E-01 -0.443455E-01 -0.221996E-01 -0.181392E-01      0.0000E+00      0.0000E+00
     192  0.509813E-01 -0.151144E-01 -0.470014E-01 -0.161404E-01      0.0000E+00      0.0000E+00
     193  0.420653E-01  0.178939E-01 -0.550325E-01  0.253094E-01      0.0000E+00      0.0000E+00
     194  0.463582E-01  0.434173E-02 -0.421428E-01 -0.189946E-01      0.0000E+00      0.0000E+00
     195  0.446570E-01 -0.140273E-01 -0.432683E-01 -0.977597E-02      0.0000E+00      0.0000E+00
     196  0.464311E-01  0.218262E-02 -0.251094E-01 -0.872829E-02      0.0000E+00      0.0000E+00
     197  0.501600E-01  0.659843E-02 -0.115119E-01 -0.615291E-03      0.0000E+00      0.0000E+00
     198  0.652436E-01 -0.845725E-02 -0.860456E-01  0.337730E-01      0.0000E+00      0.0000E+00
     199  0.745131E-01  0.748545E-02 -0.712551E-01  0.131412E-01      0.0000E+00      0.0000E+00
     200  0.659498E-01  0.260352E-01  0.361599E-01  0.449868E-02      0.0000E+00      0.0000E+00
     201  0.406938E-01  0.482132E-02  0.184729E-01  0.694726E-02      0.0000E+00      0.0000E+00
     202  0.189614E-01 -0.189022E-01  0.487746E-01  0.734365E-01      0.0000E+00      0.0000E+00
     203  0.896300E-02  0.561347E-02  0.305804E-02  0.277897E-01      0.0000E+00      0.0000E+00
     204  0.463089E-02  0.164242E-01 -0.196774E-01 -0.770145E-01      0.0000E+00      0.0000E+00
     205 -0.361269E-02 -0.849256E-02 -0.548355E-01 -0.447821E-01      0.0000E+00      0.0000E+00
     206 -0.104088E-01 -0.333753E-02 -0.147830E-01  0.507549E-01      0.0000E+00      0.0000E+00
     207  0.632920E-03  0.249944E-01  0.243536E-01  0.358615E-01      0.0000E+00      0.0000E+00
     208  0.129140E-01  0.226042E-01  0.554449E-01 -0.152852E+00      0.0000E+00      0.0000E+00
     209  0.122064E-01  0.308178E-02 -0.524316E-03 -0.198460E+00      0.0000E+00      0.0000E+00
     210  0.129396E-01  0.196791E-01  0.247561E-02 -0.126830E+00      0.0000E+00      0.0000E+00
     211  0.154126E-01  0.512659E-01 -0.321029E-02 -0.104293E+00      0.0000E+00      0.0000E+00
     212  0.270575E-02  0.508072E-01 -0.203855E-01 -0.873974E-01      0.0000E+00      0.0000E+00
     213  0.397135E-03  0.418238E-01 -0.738533E-02 -0.361494E-01      0.0000E+00      0.0000E+00
     214 -0.371100E-02  0.620121E-01  0.149516E-01 -0.630930E-01      0.0000E+00      0.0000E+00
     215 -0.723359E-02  0.767414E-01  0.124821E-01 -0.610771E-01      0.0000E+00      0.0000E+00
     216 -0.141938E-01  0.788270E-01  0.127792E-01 -0.487962E-01      0.0000E+00      0.0000E+00
     217 -0.239372E-01  0.101017E+00  0.855557E-02 -0.111497E-01      0.0000E+00      0.0000E+00
     218 -0.386175E-01  0.961741E-01  0.127512E-01 -0.153868E-01      0.0000E+00      0.0000E+00
     219 -0.414982E-01  0.726311E-01  0.657416E-01 -0.736691E-01      0.0000E+00      0.0000E+00
     220 -0.400469E-01  0.813832E-01  0.600463E-01 -0.834883E-01      0.0000E+00      0.0000E+00
     221 -0.388949E-01  0.736282E-01  0.696350E-01 -0.454194E-01      0.0000E+00      0.0000E+00
     222 -0.380154E-01  0.486756E-01  0.531188E-01 -0.680185E-01      0.0000E+00      0.0000E+00
     223 -0.445293E-01  0.566362E-01  0.528913E-01 -0.439964E-01      0.0000E+00      0.0000E+00
     224 -0.452744E-01  0.606900E-01  0.375547E-01 -0.457475E-01      0.0000E+00      0.0000E+00
     225 -0.412070E-01  0.366165E-01  0.507622E-01 -0.798830E-01      0.0000E+00      0.0000E+00
     226 -0.395412E-01  0.226275E-01  0.601592E-01 -0.473734E-01      0.0000E+00      0.0000E+00
     227 -0.519000E-01  0.350190E-01  0.534453E-01 -0.228737E-01      0.0000E+00      0.0000E+00
     228 -0.672764E-01  0.270250E-01  0.252153E-01 -0.177411E-01      0.0000E+00      0.0000E+00
     229 -0.690890E-01  0.144255E-01  0.446939E-01 -0.720014E-02      0.0000E+00      0.0000E+00
     230 -0.587236E-01  0.214395E-01  0.430166E-01  0.343148E-02      0.0000E+00      0.0000E+00
     231 -0.528157E-01  0.130314E-01  0.198307E-01 -0.128796E-02      0.0000E+00      0.0000E+00
     232 -0.463979E-01 -0.227222E-02  0.741766E-01  0.112218E-01      0.0000E+00      0.0000E+00
     233 -0.477471E-01 -0.439177E-02  0.859868E-01  0.199849E-01      0.0000E+00      0.0000E+00
     234 -0.523754E-01  0.116564E-01 -0.275231E-02 -0.419236E-01      0.0000E+00      0.0000E+00
     235 -0.336118E-01  0.128175E-01  0.198298E-01 -0.127390E-01      0.0000E+00      0.0000E+00
     236 -0.235766E-01 -0.173870E-01  0.497231E-01  0.356009E-01      0.0000E+00      0.0000E+00
     237 -0.317604E-01 -0.433419E-01  0.847027E-01  0.272634E-01      0.0000E+00      0.0000E+00
     238 -0.583195E-01 -0.154819E-01  0.441397E-01  0.592316E-01      0.0000E+00      0.0000E+00
     239 -0.605007E-01 -0.121152E-02  0.379562E-01  0.522664E-01      0.0000E+00      0.0000E+00
     240 -0.389574E-01 -0.258115E-01  0.601566E-01  0.161418E-01      0.0000E+00      0.0000E+00
     241 -0.310051E-01 -0.356475E-01  0.560761E-01  0.238839E-01      0.0000E+00      0.0000E+00
     242 -0.488093E-01 -0.153270E-01  0.377511E-01  0.449450E-01      0.0000E+00      0.0000E+00
     243 -0.606753E-01 -0.279327E-01  0.362455E-01  0.367275E-01      0.0000E+00      0.0000E+00
     244 -0.478846E-01 -0.637677E-01  0.222661E-01  0.216765E-01      0.0000E+00      0.0000E+00
     245 -0.119204E-01 -0.585604E-01  0.284108E-01  0.389565E-01      0.0000E+00      0.0000E+00
     246  0.387866E-02 -0.274357E-01  0.137041E-01  0.358810E-01      0.0000E+00      0.0000E+00
     247 -0.136240E-01 -0.313407E-01  0.606923E-02  0.164872E-01      0.0000E+00      0.0000E+00
     248 -0.325392E-01 -0.450101E-01  0.106610E-01  0.186441E-01      0.0000E+00      0.0000E+00
     249 -0.204246E-01 -0.338047E-01  0.387715E-01  0.302893E-01      0.0000E+00      0.0000E+00
     250 -0.860833E-02 -0.382161E-01  0.460698E-01  0.617697E-01      0.0000E+00      0.0000E+00
     251 -0.977220E-02 -0.730329E-01  0.153645E-01  0.831703E-01      0.0000E+00      0.0000E+00
     252 -0.208039E-01 -0.808326E-01 -0.233683E-01  0.794116E-01      0.0000E+00      0.0000E+00
     253 -0.248808E-01 -0.408852E-01 -0.518133E-01  0.599351E-01      0.0000E+00      0.0000E+00
     254 -0.171840E-01 -0.342642E-01 -0.358404E-01  0.451485E-01      0.0000E+00      0.0000E+00
     255 -0.197076E-02 -0.596258E-01 -0.200374E-01  0.449963E-01      0.0000E+00      0.0000E+00
     256  0.435695E-02 -0.651761E-01 -0.178559E-01  0.470752E-01      0.0000E+00      0.0000E+00
     257  0.492937E-02 -0.334491E-01 -0.298789E-02  0.408507E-01      0.0000E+00      0.0000E+00
     258  0.969001E-02 -0.378213E-01  0.339669E-01  0.381804E-01      0.0000E+00      0.0000E+00
     259  0.116662E-01 -0.593535E-01  0.148418E-01  0.246792E-01      0.0000E+00      0.0000E+00
     260  0.173953E-01 -0.652383E-01 -0.388559E-01 -0.121752E-01      0.0000E+00      0.0000E+00
     261  0.301201E-01 -0.333873E-01 -0.269692E-01 -0.397009E-01      0.0000E+00      0.0000E+00
     262  0.240069E-01 -0.229817E-01 -0.183100E-01  0.666445E-01      0.0000E+00      0.0000E+00
     263 -0.696632E-03 -0.339800E-01 -0.133244E-01  0.156772E+00      0.0000E+00      0.0000E+00
     264 -0.362571E-02 -0.292746E-01 -0.863649E-02  0.250156E-01      0.0000E+00      0.0000E+00
     265  0.191718E-01 -0.546697E-03 -0.852142E-02 -0.136877E-01      0.0000E+00      0.0000E+00
     266  0.362700E-01 -0.115146E-01 -0.177998E-01  0.386855E-01      0.0000E+00      0.0000E+00
     267  0.282066E-01 -0.333300E-01 -0.693302E-01 -0.864406E-01      0.0000E+00      0.0000E+00
     268  0.191836E-01 -0.842201E-02  0.232519E-01  0.210413E-01      0.0000E+00      0.0000E+00
     269 -0.634754E-03  0.183626E-01 -0.342434E-01  0.407640E-01      0.0000E+00      0.0000E+00
     270  0.944609E-02  0.201271E-02 -0.540105E-02  0.118743E+00      0.0000E+00      0.0000E+00
     271  0.250029E-01 -0.134833E-02 -0.484263E-02 -0.447763E-02      0.0000E+00      0.0000E+00
     272  0.166927E-01  0.387052E-01 -0.199583E-01 -0.145805E+00      0.0000E+00      0.0000E+00
     273 -0.625590E-03  0.407475E-01  0.115044E-01 -0.127844E+00      0.0000E+00      0.0000E+00
     274 -0.847598E-02  0.277839E-02  0.555726E-01 -0.706418E-01      0.0000E+00      0.0000E+00
     275 -0.133968E-01  0.180234E-01  0.119864E+00  0.185866E-01      0.0000E+00      0.0000E+00
     276 -0.127387E-01  0.611067E-01 -0.207859E-02 -0.520791E-01      0.0000E+00      0.0000E+00
     277 -0.134648E-01  0.350000E-01 -0.148076E-01 -0.100319E+00      0.0000E+00      0.0000E+00
     278 -0.205955E-01  0.102693E-01 -0.582140E-01 -0.700821E-01      0.0000E+00      0.0000E+00
     279 -0.214270E-01  0.280265E-01  0.618023E-02  0.925543E-02      0.0000E+00      0.0000E+00
     280 -0.782923E-02  0.339050E-01  0.609881E-01  0.526611E-01      0.0000E+00      0.0000E+00
     281 -0.495306E-02  0.337883E-02  0.264572E-01  0.407906E-01      0.0000E+00      0.0000E+00
     282 -0.268208E-02 -0.563177E-02 -0.641812E-01 -0.257124E-01      0.0000E+00      0.0000E+00
     283  0.107932E-01  0.716038E-02 -0.729803E-02 -0.143356E-01      0.0000E+00      0.0000E+00
     284  0.138979E-01  0.494431E-02 -0.147874E-01 -0.752044E-02      0.0000E+00      0.0000E+00
     285  0.490627E-02 -0.156394E-01 -0.524102E-01  0.990575E-02      0.0000E+00      0.0000E+00
     286 -0.396731E-04 -0.378948E-02  0.313907E-01  0.796339E-01      0.0000E+00      0.0000E+00
     287 -0.117696E-01 -0.427144E-02  0.264961E-01 -0.262706E-01      0.0000E+00      0.0000E+00
     288 -0.236026E-01 -0.191687E-01  0.401897E-02 -0.162593E+00      0.0000E+00      0.0000E+00
     289 -0.161959E-01 -0.125609E-01  0.924992E-01 -0.516335E-01      0.0000E+00      0.0000E+00
     290 -0.210822E-01  0.522854E-02  0.117692E-01  0.229938E-01      0.0000E+00      0.0000E+00
     291 -0.246598E-01 -0.138548E-01 -0.761203E-02  0.553215E-01      0.0000E+00      0.0000E+00
     292 -0.608169E-02 -0.410160E-01 -0.160537E+00  0.472988E-01      0.0000E+00      0.0000E+00
     293  0.246510E-01 -0.923353E-02  0.258536E-01  0.502925E-01      0.0000E+00      0.0000E+00
     294  0.367465E-01  0.138842E-01  0.307104E-01 -0.562310E-01      0.0000E+00      0.0000E+00
     295  0.285285E-01 -0.721992E-02 -0.136280E+00 -0.436920E-01      0.0000E+00      0.0000E+00
     296  0.498700E-01 -0.304928E-01  0.154427E-01  0.463978E-01      0.0000E+00      0.0000E+00
     297  0.491094E-01 -0.220363E-01 -0.183705E-01  0.121674E+00      0.0000E+00      0.0000E+00
     298  0.225999E-01 -0.213855E-01 -0.337431E-01  0.218335E+00      0.0000E+00      0.0000E+00
     299  0.428902E-02 -0.339690E-01  0.272444E-01  0.163094E+00      0.0000E+00      0.0000E+00
     300 -0.122964E-01 -0.423360E-01  0.258622E-02 -0.440138E-01      0.0000E+00      0.0000E+00
     301 -0.183113E-01 -0.285655E-01 -0.355400E-01 -0.616016E-01      0.0000E+00      0.0000E+00
     302 -0.723299E-02 -0.370035E-01 -0.106560E-01  0.117104E+00      0.0000E+00      0.0000E+00
     303  0.373289E-02 -0.473623E-01  0.116429E-01  0.172110E+00      0.0000E+00      0.0000E+00
     304  0.195232E-03 -0.475809E-01 -0.160514E-01  0.108921E+00      0.0000E+00      0.0000E+00
     305  0.134449E-01 -0.479613E-01 -0.226677E-01  0.111466E+00      0.0000E+00      0.0000E+00
     306  0.375169E-01 -0.676725E-01 -0.825242E-02  0.716023E-01      0.0000E+00      0.0000E+00
     307  0.416903E-01 -0.653195E-01 -0.216886E-01  0.489872E-01      0.0000E+00      0.0000E+00
     308  0.217542E-01 -0.306082E-01 -0.479821E-01  0.560925E-01      0.0000E+00      0.0000E+00
     309  0.647173E-02 -0.220950E-01 -0.457353E-01  0.601715E-01      0.0000E+00      0.0000E+00
     310  0.179613E-01 -0.591972E-01 -0.107179E-01  0.565379E-01      0.0000E+00      0.0000E+00
     311  0.228977E-01 -0.823973E-01 -0.112753E-03  0.364550E-01      0.0000E+00      0.0000E+00
     312  0.540266E-02 -0.602408E-01 -0.186483E-02  0.186586E-01      0.0000E+00      0.0000E+00
     313 -0.229024E-01 -0.246222E-01  0.496622E-02  0.167860E-01      0.0000E+00      0.0000E+00
     314 -0.323373E-01 -0.330172E-01  0.707212E-02  0.651278E-02      0.0000E+00      0.0000E+00
     315 -0.276072E-01 -0.708316E-01  0.577691E-02  0.358054E-02      0.0000E+00      0.0000E+00
     316 -0.278085E-01 -0.543331E-01  0.128315E-01  0.785674E-02      0.0000E+00      0.0000E+00
     317 -0.420043E-01 -0.163578E-02  0.528535E-01  0.489937E-02      0.0000E+00      0.0000E+00
     318 -0.439396E-01 -0.265441E-02  0.123765E-01 -0.291386E-02      0.0000E+00      0.0000E+00
     319 -0.219158E-01 -0.498675E-01  0.628851E-02 -0.225414E-02      0.0000E+00      0.0000E+00
     320  0.408910E-02 -0.636939E-01  0.186694E-01  0.212585E-01      0.0000E+00      0.0000E+00
     321 -0.451664E-02 -0.573382E-01  0.254569E-01  0.216434E-01      0.0000E+00      0.0000E+00
     322 -0.271313E-01 -0.520204E-01  0.202070E-01  0.186433E-01      0.0000E+00      0.0000E+00
     323 -0.311435E-01 -0.421169E-01  0.176618E-01  0.314574E-01      0.0000E+00      0.0000E+00
     324 -0.922070E-03 -0.178493E-01  0.208357E-01  0.273213E-01      0.0000E+00      0.0000E+00
     325  0.155247E-01 -0.124530E-02  0.953126E-02  0.188326E-01      0.0000E+00      0.0000E+00
     326 -0.173140E-03 -0.254701E-01  0.289018E-01  0.360454E-01      0.0000E+00      0.0000E+00
     327 -0.304952E-01 -0.587029E-01  0.385130E-01  0.249404E-01      0.0000E+00      0.0000E+00
     328 -0.436692E-01 -0.442004E-01  0.465557E-01 -0.176575E-01      0.0000E+00      0.0000E+00
     329 -0.517347E-01 -0.342733E-01  0.489835E-01 -0.127482E-01      0.0000E+00      0.0000E+00
     330 -0.609092E-01 -0.497677E-01  0.462368E-01  0.120435E-01      0.0000E+00      0.0000E+00
     331 -0.728730E-01 -0.475796E-01  0.422379E-01 -0.212475E-01      0.0000E+00      0.0000E+00
     332 -0.738098E-01 -0.345521E-02  0.549919E-01 -0.165482E-01      0.0000E+00      0.0000E+00
     333 -0.623245E-01  0.123949E-01  0.841916E-01  0.231286E-01      0.0000E+00      0.0000E+00
     334 -0.389138E-01 -0.170484E-01  0.734751E-01  0.249147E-01      0.0000E+00      0.0000E+00
     335 -0.276167E-01 -0.401419E-01  0.564040E-01  0.676145E-01      0.0000E+00      0.0000E+00
     336 -0.311327E-01 -0.237563E-01  0.701128E-01  0.613267E-01      0.0000E+00      0.0000E+00
     337 -0.466173E-01 -0.107170E-01  0.777786E-01  0.679103E-01      0.0000E+00      0.0000E+00
     338 -0.661004E-01 -0.114161E-01  0.905744E-01  0.532765E-01      0.0000E+00      0.0000E+00
     339 -0.833373E-01 -0.551004E-02  0.493893E-01  0.333787E-01      0.0000E+00      0.0000E+00
     340 -0.857592E-01 -0.387242E-02  0.396513E-01  0.101600E-01      0.0000E+00      0.0000E+00
     341 -0.703960E-01 -0.194517E-01  0.752749E-01  0.262142E-01      0.0000E+00      0.0000E+00
     342 -0.619097E-01 -0.266165E-01  0.875619E-01  0.261936E-01      0.0000E+00      0.0000E+00
     343 -0.658756E-01 -0.223004E-01  0.674002E-01  0.532480E-02      0.0000E+00      0.0000E+00
     344 -0.632746E-01 -0.265694E-01  0.539934E-01  0.311653E-01      0.0000E+00      0.0000E+00
     345 -0.487277E-01 -0.372648E-01  0.510725E-01  0.501211E-01      0.0000E+00      0.0000E+00
     346 -0.414168E-01 -0.459699E-01  0.419457E-01  0.396249E-01      0.0000E+00      0.0000E+00
     347 -0.477550E-01 -0.465390E-01  0.432492E-01  0.331910E-01      0.0000E+00      0.0000E+00
     348 -0.595304E-01 -0.433736E-01  0.525822E-01  0.267392E-01      0.0000E+00      0.0000E+00
     349 -0.564418E-01 -0.338237E-01  0.476793E-01  0.525350E-01      0.0000E+00      0.0000E+00
     350 -0.397072E-01 -0.349978E-01  0.443459E-01  0.551522E-01      0.0000E+00      0.0000E+00
     351 -0.239110E-01 -0.367600E-01  0.410461E-01  0.427876E-01      0.0000E+00      0.0000E+00
     352 -0.213254E-01 -0.453655E-01  0.104807E-01  0.496829E-01      0.0000E+00      0.0000E+00
     353 -0.177815E-01 -0.535599E-01 -0.842186E-02  0.465764E-01      0.0000E+00      0.0000E+00
     354 -0.104955E-01 -0.620585E-01  0.478842E-01  0.271029E-01      0.0000E+00      0.0000E+00
     355 -0.101906E-01 -0.527705E-01  0.490459E-01  0.302666E-01      0.0000E+00      0.0000E+00
     356 -0.334222E-01 -0.389201E-01  0.185328E-01 -0.769741E-02      0.0000E+00      0.0000E+00
     357 -0.486684E-01 -0.340345E-01  0.456164E-01 -0.164797E-01      0.0000E+00      0.0000E+00
     358 -0.540603E-01 -0.451069E-01  0.577661E-01  0.240894E-01      0.0000E+00      0.0000E+00
     359 -0.460495E-01 -0.487782E-01  0.647689E-01  0.324328E-01      0.0000E+00      0.0000E+00
     360 -0.415747E-01 -0.388766E-01  0.533574E-01  0.544892E-02      0.0000E+00      0.0000E+00
     361 -0.325123E-01 -0.280868E-01  0.317933E-01 -0.223924E-01      0.0000E+00      0.0000E+00
     362 -0.261529E-01 -0.286175E-01  0.355821E-02  0.128204E-01      0.0000E+00      0.0000E+00
     363 -0.157929E-01 -0.229627E-01  0.549436E-02  0.459434E-01      0.0000E+00      0.0000E+00
     364 -0.118986E-01 -0.774385E-02  0.634875E-01  0.121004E-01      0.0000E+00      0.0000E+00
     365 -0.194859E-01 -0.275001E-02  0.119285E-01  0.177868E-01      0.0000E+00      0.0000E+00
     366 -0.242320E-01 -0.111691E-01  0.307919E-01 -0.143099E-01      0.0000E+00      0.0000E+00
     367 -0.297795E-01 -0.191138E-01  0.727883E-01  0.602273E-01      0.0000E+00      0.0000E+00
     368 -0.535378E-01 -0.944568E-02  0.259798E-01 -0.125039E-01      0.0000E+00      0.0000E+00
     369 -0.660946E-01  0.256233E-01  0.352534E-01 -0.606913E-01      0.0000E+00      0.0000E+00
     370 -0.714166E-01  0.353507E-01  0.102940E+00 -0.716346E-01      0.0000E+00      0.0000E+00
     371 -0.799235E-01  0.264930E-02  0.420817E-01 -0.146192E-01      0.0000E+00      0.0000E+00
     372 -0.623501E-01  0.618017E-02  0.736466E-01  0.168454E-01      0.0000E+00      0.0000E+00
     373 -0.437253E-01  0.397737E-01  0.892233E-01 -0.433822E-01      0.0000E+00      0.0000E+00
     374 -0.470492E-01  0.457056E-01  0.466993E-01 -0.119476E+00      0.0000E+00      0.0000E+00
     375 -0.517734E-01  0.394699E-01  0.530523E-01 -0.443728E-01      0.0000E+00      0.0000E+00
     376 -0.488781E-01  0.567081E-01  0.406502E-01 -0.704253E-02      0.0000E+00      0.0000E+00
     377 -0.617999E-01  0.576115E-01  0.264410E-01 -0.129870E-01      0.0000E+00      0.0000E+00
     378 -0.831466E-01  0.364689E-01  0.413818E-01 -0.177847E-01      0.0000E+00      0.0000E+00
     379 -0.931805E-01  0.384580E-01  0.858553E-01  0.346057E-02      0.0000E+00      0.0000E+00
     380 -0.838913E-01  0.528157E-01  0.104304E+00 -0.890713E-02      0.0000E+00      0.0000E+00
     381 -0.829144E-01  0.356195E-01  0.701100E-01  0.672846E-02      0.0000E+00      0.0000E+00
     382 -0.781371E-01  0.196262E-01  0.560644E-01  0.271711E-01      0.0000E+00      0.0000E+00
     383 -0.747866E-01  0.244010E-01  0.658251E-01  0.313960E-01      0.0000E+00      0.0000E+00
     384 -0.746820E-01  0.130408E-01  0.107881E+00 -0.403430E-01      0.0000E+00      0.0000E+00
     385 -0.854336E-01 -0.129501E-01  0.120597E+00 -0.368586E-01      0.0000E+00      0.0000E+00
     386 -0.912075E-01  0.275145E-02  0.709904E-01 -0.109859E-01      0.0000E+00      0.0000E+00
     387 -0.858968E-01  0.292978E-01  0.430576E-01 -0.104164E-01      0.0000E+00      0.0000E+00
     388 -0.824042E-01  0.161017E-01  0.563707E-01 -0.986283E-02      0.0000E+00      0.0000E+00
     389 -0.819092E-01 -0.181825E-01  0.789543E-01  0.380398E-01      0.0000E+00      0.0000E+00
     390 -0.815087E-01 -0.225319E-01  0.795743E-01  0.351539E-01      0.0000E+00      0.0000E+00
     391 -0.660677E-01 -0.545604E-02  0.709824E-01  0.232612E-02      0.0000E+00      0.0000E+00
     392 -0.541670E-01 -0.661160E-02  0.690332E-01 -0.338276E-01      0.0000E+00      0.0000E+00
     393 -0.523157E-01 -0.262466E-01  0.708696E-01 -0.192751E-01      0.0000E+00      0.0000E+00
     394 -0.691041E-01 -0.287737E-01  0.738281E-01  0.199722E-01      0.0000E+00      0.0000E+00
     395 -0.868531E-01 -0.227517E-01  0.763220E-01  0.255908E-01      0.0000E+00      0.0000E+00
     396 -0.961951E-01 -0.364239E-01  0.668805E-01  0.509122E-01      0.0000E+00      0.0000E+00
     397 -0.741758E-01 -0.441656E-01  0.393529E-01  0.722080E-01      0.0000E+00      0.0000E+00
     398 -0.486202E-01 -0.323368E-01  0.449348E-01  0.574110E-01      0.0000E+00      0.0000E+00
     399 -0.420957E-01 -0.332587E-01  0.812150E-01  0.247878E-01      0.0000E+00      0.0000E+00
     400 -0.563994E-01 -0.486054E-01  0.814794E-01  0.281058E-01      0.0000E+00      0.0000E+00
     401 -0.562143E-01 -0.368831E-01  0.577311E-01  0.542886E-01      0.0000E+00      0.0000E+00
     402 -0.399019E-01 -0.321827E-01  0.318207E-01  0.275305E-01      0.0000E+00      0.0000E+00
     403 -0.326894E-01 -0.420996E-01  0.234937E-01  0.212718E-01      0.0000E+00      0.0000E+00
     404 -0.573246E-01 -0.516440E-01  0.900599E-02  0.101073E-01      0.0000E+00      0.0000E+00
     405 -0.715756E-01 -0.309816E-01  0.165359E-01  0.218563E-01      0.0000E+00      0.0000E+00
     406 -0.571301E-01  0.976173E-03  0.138689E-01  0.558021E-01      0.0000E+00      0.0000E+00
     407 -0.228245E-01 -0.123223E-01 -0.742569E-02  0.458400E-01      0.0000E+00      0.0000E+00
     408  0.471902E-02 -0.607336E-01 -0.135654E-01  0.348285E-01      0.0000E+00      0.0000E+00
     409  0.725356E-02 -0.509004E-01  0.249646E-01  0.322438E-01      0.0000E+00      0.0000E+00
     410 -0.203193E-01 -0.519713E-02  0.359752E-01  0.705234E-01      0.0000E+00      0.0000E+00
     411 -0.454769E-01  0.395003E-02  0.823458E-01  0.921791E-01      0.0000E+00      0.0000E+00
     412 -0.581587E-01 -0.435902E-01  0.537113E-01  0.370306E-01      0.0000E+00      0.0000E+00
     413 -0.394501E-01 -0.530651E-01  0.208795E-01  0.298068E-01      0.0000E+00      0.0000E+00
     414 -0.188923E-01 -0.329294E-01  0.461981E-01  0.423305E-01      0.0000E+00      0.0000E+00
     415 -0.380197E-01 -0.371718E-01  0.427971E-01  0.346731E-01      0.0000E+00      0.0000E+00
     416 -0.689985E-01 -0.606355E-01  0.702296E-01 -0.603277E-02      0.0000E+00      0.0000E+00
     417 -0.732631E-01 -0.420066E-01  0.419288E-01  0.730994E-01      0.0000E+00      0.0000E+00
     418 -0.464893E-01 -0.203374E-01  0.172804E-01  0.435488E-01      0.0000E+00      0.0000E+00
     419 -0.240440E-01 -0.332679E-01 -0.960327E-02 -0.438024E-01      0.0000E+00      0.0000E+00
     420 -0.277659E-01 -0.361777E-01 -0.174203E-01 -0.522156E-01      0.0000E+00      0.0000E+00
     421 -0.318195E-01 -0.120261E-01  0.218848E-01 -0.398500E-02      0.0000E+00      0.0000E+00
     422 -0.115823E-01 -0.110463E-01  0.190318E-01 -0.139583E-01      0.0000E+00      0.0000E+00
     423  0.374261E-02 -0.336617E-01  0.952616E-01  0.388551E-01      0.0000E+00      0.0000E+00
     424 -0.223894E-01 -0.256559E-01 -0.869054E-02  0.993789E-02      0.0000E+00      0.0000E+00
     425 -0.520847E-01 -0.311915E-02 -0.417276E-02  0.104387E-01      0.0000E+00      0.0000E+00
     426 -0.574348E-01 -0.709551E-02  0.401543E-01 -0.329195E-01      0.0000E+00      0.0000E+00
     427 -0.479933E-01 -0.245278E-01  0.411523E-01 -0.346527E-01      0.0000E+00      0.0000E+00
     428 -0.274599E-01  0.487699E-02 -0.199119E-01 -0.265081E-02      0.0000E+00      0.0000E+00
     429 -0.297608E-02  0.215179E-01  0.145057E+00  0.463579E-01      0.0000E+00      0.0000E+00
     430  0.139305E-01  0.164322E-02  0.142766E+00 -0.193287E-01      0.0000E+00      0.0000E+00
     431 -0.179904E-02 -0.320148E-01  0.294365E-01  0.737275E-01      0.0000E+00      0.0000E+00
     432 -0.197154E-01 -0.155555E-01  0.286010E-01  0.572794E-02      0.0000E+00      0.0000E+00
     433 -0.226464E-01  0.194986E-02 -0.336607E-01 -0.105533E+00      0.0000E+00      0.0000E+00
     434 -0.134108E-01 -0.101304E-01 -0.649028E-01 -0.723262E-01      0.0000E+00      0.0000E+00
     435 -0.205188E-03 -0.333339E-01  0.107272E-01  0.244486E+00      0.0000E+00      0.0000E+00
     436 -0.107121E-01 -0.176054E-01  0.138708E-01  0.175477E+00      0.0000E+00      0.0000E+00
     437 -0.224472E-01 -0.894650E-02 -0.631106E-01  0.205688E+00      0.0000E+00      0.0000E+00
     438  0.356171E-03 -0.466846E-01  0.124078E-01  0.686312E-01      0.0000E+00      0.0000E+00
     439  0.221721E-01 -0.691839E-01  0.806766E-01 -0.157871E-01      0.0000E+00      0.0000E+00
     440  0.313631E-02 -0.263421E-01 -0.120270E+00  0.910526E-01      0.0000E+00      0.0000E+00
     441 -0.738525E-02 -0.270649E-01 -0.107342E+00  0.102073E+00      0.0000E+00      0.0000E+00
     442  0.195133E-02 -0.611405E-01  0.571389E-01  0.104879E+00      0.0000E+00      0.0000E+00
     443 -0.533882E-02 -0.602611E-01  0.502066E-01  0.410099E-01      0.0000E+00      0.0000E+00
     444 -0.197988E-01 -0.354706E-01  0.340711E-01  0.840653E-01      0.0000E+00      0.0000E+00
     445 -0.223509E-01 -0.452907E-01  0.280095E-01  0.106336E+00      0.0000E+00      0.0000E+00
     446 -0.153416E-01 -0.770496E-01  0.239762E-01  0.274416E-01      0.0000E+00      0.0000E+00
     447 -0.199142E-01 -0.642654E-01  0.355928E-01  0.140155E-01      0.0000E+00      0.0000E+00
     448 -0.351522E-01 -0.299766E-01  0.273995E-02  0.651450E-01      0.0000E+00      0.0000E+00
     449 -0.277644E-01 -0.362787E-01  0.174003E-02  0.538863E-01      0.0000E+00      0.0000E+00
     450 -0.829469E-03 -0.728529E-01  0.992592E-02  0.173208E-01      0.0000E+00      0.0000E+00
     451  0.110115E-01 -0.580072E-01  0.722077E-02  0.857294E-01      0.0000E+00      0.0000E+00
     452 -0.350844E-02 -0.240323E-01  0.105637E-01  0.492061E-01      0.0000E+00      0.0000E+00
     453 -0.125923E-01 -0.783813E-02  0.100740E-01  0.226376E-01      0.0000E+00      0.0000E+00
     454  0.743162E-04 -0.316922E-01  0.111642E-01  0.220414E-01      0.0000E+00      0.0000E+00
     455  0.137785E-01 -0.278838E-01  0.115344E-01  0.206476E-01      0.0000E+00      0.0000E+00
     456  0.845119E-02  0.144700E-01  0.391944E-02  0.507887E-02      0.0000E+00      0.0000E+00
     457 -0.171735E-02  0.478203E-01  0.300119E-02  0.193071E-02      0.0000E+00      0.0000E+00
     458 -0.101534E-02  0.479335E-01  0.796951E-02  0.603523E-02      0.0000E+00      0.0000E+00
     459  0.970641E-02  0.563161E-01  0.595422E-02  0.818358E-02      0.0000E+00      0.0000E+00
     460  0.163583E-01  0.896085E-01  0.427402E-02  0.975393E-02      0.0000E+00      0.0000E+00
     461 -0.241994E-02  0.964991E-01  0.600493E-02  0.157169E-01      0.0000E+00      0.0000E+00
     462 -0.248764E-01  0.539003E-01  0.614973E-02  0.208007E-01      0.0000E+00      0.0000E+00
     463 -0.210206E-01  0.297964E-01  0.171356E-02  0.333172E-01      0.0000E+00      0.0000E+00
     464 -0.114911E-01  0.358163E-01 -0.451725E-02  0.194403E-01      0.0000E+00      0.0000E+00
     465 -0.713198E-02  0.201452E-01 -0.510224E-02  0.118314E-01      0.0000E+00      0.0000E+00
     466  0.650673E-02  0.405019E-02 -0.400656E-02  0.821525E-02      0.0000E+00      0.0000E+00
     467  0.289292E-01  0.188933E-01 -0.230040E-02  0.463551E-02      0.0000E+00      0.0000E+00
     468  0.330500E-01  0.405849E-01 -0.271164E-02  0.951581E-02      0.0000E+00      0.0000E+00
     469  0.168148E-01  0.417406E-01  0.495311E-02  0.229908E-01      0.0000E+00      0.0000E+00
     470  0.342885E-02  0.405752E-01  0.745770E-02  0.132868E-01      0.0000E+00      0.0000E+00
     471 -0.611522E-02  0.280353E-01  0.615096E-02  0.106322E-01      0.0000E+00      0.0000E+00
     472 -0.202136E-01  0.990943E-03  0.328219E-02  0.757120E-02      0.0000E+00      0.0000E+00
     473 -0.237332E-01 -0.480991E-02  0.217957E-02  0.109750E-01      0.0000E+00      0.0000E+00
     474 -0.150780E-01  0.158851E-01 -0.265069E-02  0.147295E-01      0.0000E+00      0.0000E+00
     475 -0.805416E-02  0.182733E-01 -0.387333E-02  0.670712E-02      0.0000E+00      0.0000E+00
     476 -0.655503E-02  0.564265E-02 -0.394189E-02  0.501765E-02      0.0000E+00      0.0000E+00
     477 -0.686131E-02  0.107729E-01 -0.294052E-02  0.357445E-02      0.0000E+00      0.0000E+00
     478 -0.263611E-02  0.272162E-01 -0.223272E-02  0.244359E-02      0.0000E+00      0.0000E+00
     479  0.736034E-02  0.393895E-01 -0.367772E-02  0.407204E-02      0.0000E+00      0.0000E+00
     480  0.101386E-01  0.216691E-01 -0.337614E-02  0.519896E-02      0.0000E+00      0.0000E+00
     481  0.100715E-01 -0.327922E-01 -0.251327E-02  0.805206E-02      0.0000E+00      0.0000E+00
     482  0.154007E-01 -0.513649E-01 -0.123828E-02  0.162782E-01      0.0000E+00      0.0000E+00
     483  0.108967E-01 -0.177103E-01  0.277150E-02  0.185944E-01      0.0000E+00      0.0000E+00
     484 -0.106855E-01  0.665657E-02  0.362914E-02  0.583688E-02      0.0000E+00      0.0000E+00
     485 -0.136829E-01  0.165974E-02  0.254164E-02  0.222838E-02      0.0000E+00      0.0000E+00
     486 -0.739500E-02 -0.114252E-02  0.307142E-02  0.358715E-02      0.0000E+00      0.0000E+00
     487 -0.214656E-01  0.907306E-02  0.721232E-02  0.131350E-01      0.0000E+00      0.0000E+00
     488 -0.973701E-02  0.103615E-01  0.218335E-02  0.579613E-02      0.0000E+00      0.0000E+00
     489  0.333011E-02  0.183772E-01  0.123735E-02  0.634595E-01      0.0000E+00      0.0000E+00
     490 -0.826084E-02 -0.154599E-02 -0.643123E-03  0.113637E-01      0.0000E+00      0.0000E+00
     491  0.568926E-02 -0.428376E-01 -0.675908E-03  0.138818E-01      0.0000E+00      0.0000E+00
     492  0.208879E-01 -0.550867E-01 -0.117185E-02  0.852225E-02      0.0000E+00      0.0000E+00
     493  0.396079E-02 -0.247679E-01 -0.208945E-02  0.289044E-01      0.0000E+00      0.0000E+00
     494  0.336741E-02 -0.817776E-02  0.245172E-02  0.956913E-02      0.0000E+00      0.0000E+00
     495  0.197378E-01 -0.161622E-01  0.704711E-02  0.117058E-01      0.0000E+00      0.0000E+00
     496 -0.469549E-03 -0.288149E-01  0.266565E-02  0.314006E-02      0.0000E+00      0.0000E+00
     497 -0.213316E-02 -0.171810E-01  0.563127E-02  0.319483E-02      0.0000E+00      0.0000E+00
     498  0.385175E-02 -0.536830E-02  0.971930E-02  0.238693E-02      0.0000E+00      0.0000E+00
     499 -0.742934E-02  0.184998E-01  0.108449E-01  0.743913E-03      0.0000E+00      0.0000E+00
     500 -0.106897E-01  0.117108E-01  0.161731E-01  0.100699E-02      0.0000E+00      0.0000E+00
     501 -0.205967E-01 -0.234575E-01  0.121793E-01  0.247892E-02      0.0000E+00      0.0000E+00
     502 -0.212893E-01 -0.507437E-01  0.483571E-02  0.128689E-02      0.0000E+00      0.0000E+00
     503 -0.130126E-01 -0.313121E-01  0.562009E-01  0.231383E-02      0.0000E+00      0.0000E+00
     504 -0.922038E-02 -0.187828E-01  0.161011E-01 -0.513107E-02      0.0000E+00      0.0000E+00
     505  0.111822E-01 -0.666921E-02  0.674167E-02 -0.419437E-02      0.0000E+00      0.0000E+00
     506  0.255547E-01 -0.128478E-01  0.326907E-02 -0.260434E-02      0.0000E+00      0.0000E+00
     507  0.176267E-01 -0.188236E-01  0.399164E-02 -0.275510E-02      0.0000E+00      0.0000E+00
     508  0.536570E-03 -0.229350E-01  0.663549E-02 -0.367962E-02      0.0000E+00      0.0000E+00
     509  0.125495E-01  0.134248E-01  0.650335E-02 -0.392624E-02      0.0000E+00      0.0000E+00
     510  0.137003E-01  0.207814E-01  0.276224E-02 -0.190597E-02      0.0000E+00      0.0000E+00
     511 -0.868387E-02 -0.374319E-02  0.674047E-02 -0.274410E-02      0.0000E+00      0.0000E+00
     512 -0.192027E-01 -0.255230E-01  0.477048E-02 -0.941727E-03      0.0000E+00      0.0000E+00
     513 -0.675673E-02 -0.527387E-02  0.113541E-01 -0.325470E-02      0.0000E+00      0.0000E+00
     514 -0.722999E-02  0.964112E-02  0.487360E-02 -0.282552E-02      0.0000E+00      0.0000E+00
     515 -0.207735E-01  0.297960E-01  0.113872E-01 -0.864921E-02      0.0000E+00      0.0000E+00
     516 -0.364957E-01  0.188761E-01  0.454001E-02 -0.321972E-02      0.0000E+00      0.0000E+00
     517 -0.429609E-01  0.864468E-02  0.914102E-02 -0.572303E-02      0.0000E+00      0.0000E+00
     518 -0.276073E-01  0.333488E-01  0.102935E-01 -0.979799E-02      0.0000E+00      0.0000E+00
     519 -0.589289E-02  0.709272E-01  0.885630E-02 -0.376039E-01      0.0000E+00      0.0000E+00
     520  0.577481E-02  0.432598E-01  0.137780E-02 -0.199765E-01      0.0000E+00      0.0000E+00
     521  0.156452E-01  0.520311E-02 -0.334308E-02 -0.144592E-01      0.0000E+00      0.0000E+00
     522  0.137029E-01 -0.986377E-02 -0.534475E-02 -0.739713E-02      0.0000E+00      0.0000E+00
     523 -0.891664E-03  0.221335E-01 -0.478461E-02 -0.383794E-02      0.0000E+00      0.0000E+00
     524 -0.865696E-02  0.493475E-01 -0.938259E-02 -0.125194E-01      0.0000E+00      0.0000E+00
     525 -0.149596E-02  0.444140E-01 -0.838530E-02 -0.704164E-02      0.0000E+00      0.0000E+00
     526  0.119990E-01  0.389631E-02 -0.358595E-01 -0.330201E-02      0.0000E+00      0.0000E+00
     527  0.182212E-01 -0.777671E-02 -0.131485E-01  0.287692E-02      0.0000E+00      0.0000E+00
     528  0.181501E-01  0.684394E-02 -0.538484E-02  0.131110E-02      0.0000E+00      0.0000E+00
     529  0.858711E-02  0.271123E-01 -0.139928E-01  0.347543E-02      0.0000E+00      0.0000E+00
     530 -0.237487E-01  0.971672E-02 -0.629291E-02  0.265800E-02      0.0000E+00      0.0000E+00
     531 -0.446902E-01  0.169200E-02 -0.487433E-02  0.329634E-02      0.0000E+00      0.0000E+00
     532 -0.343343E-01 -0.628583E-02 -0.553611E-02  0.264846E-02      0.0000E+00      0.0000E+00
     533 -0.236277E-01 -0.141471E-02 -0.507529E-02  0.116790E-02      0.0000E+00      0.0000E+00
     534 -0.359288E-01  0.839014E-02 -0.771045E-02  0.704893E-03      0.0000E+00      0.0000E+00
     535 -0.220262E-01  0.250775E-01 -0.116415E-01  0.734046E-03      0.0000E+00      0.0000E+00
     536  0.624189E-02 -0.313325E-03 -0.221347E-01  0.282552E-02      0.0000E+00      0.0000E+00
     537 -0.125013E-02 -0.555299E-02 -0.903193E-02  0.209201E-02      0.0000E+00      0.0000E+00
     538 -0.221986E-01  0.350608E-02  0.577614E-01 -0.640413E-02      0.0000E+00      0.0000E+00
     539  0.644234E-02  0.326044E-02  0.774190E-01  0.106614E-01      0.0000E+00      0.0000E+00
     540  0.334669E-01 -0.366220E-01  0.599122E-01  0.752401E-01      0.0000E+00      0.0000E+00
     541  0.746477E-03 -0.387849E-01 -0.374957E-02  0.784154E-01      0.0000E+00      0.0000E+00
     542 -0.354331E-02 -0.380873E-01 -0.320915E-02  0.449563E-01      0.0000E+00      0.0000E+00
     543  0.169720E-01 -0.226031E-01  0.496363E-02  0.337192E-01      0.0000E+00      0.0000E+00
     544  0.315732E-02  0.783179E-02  0.131268E-01  0.138294E-01      0.0000E+00      0.0000E+00
     545 -0.242962E-01  0.340539E-01  0.894311E-02 -0.253009E-01      0.0000E+00      0.0000E+00
     546 -0.870808E-02 -0.173776E-01 -0.219472E-01 -0.642890E-01      0.0000E+00      0.0000E+00
     547  0.410307E-02 -0.468843E-01 -0.437614E-01 -0.893838E-01      0.0000E+00      0.0000E+00
     548 -0.277612E-01 -0.265171E-02  0.473533E-01 -0.849801E-01      0.0000E+00      0.0000E+00
     549 -0.154326E-01  0.411953E-01  0.105759E+00 -0.385025E-01      0.0000E+00      0.0000E+00
     550  0.609165E-02 -0.423804E-04  0.189765E-01 -0.104329E-01      0.0000E+00      0.0000E+00
     551  0.534477E-02 -0.252077E-01 -0.664361E-03  0.480992E-02      0.0000E+00      0.0000E+00
     552 -0.108550E-01 -0.349834E-01  0.291911E-01  0.589106E-02      0.0000E+00      0.0000E+00
     553 -0.723439E-02 -0.409717E-01  0.303648E-01 -0.971532E-03      0.0000E+00      0.0000E+00
     554  0.227817E-01 -0.254794E-01  0.697744E-02 -0.897740E-03      0.0000E+00      0.0000E+00
     555  0.225620E-01  0.227950E-01  0.538359E-02 -0.495538E-02      0.0000E+00      0.0000E+00
     556 -0.212507E-01  0.826221E-02  0.283823E-02  0.545905E-02      0.0000E+00      0.0000E+00
     557 -0.179219E-01 -0.129415E-01  0.171115E-01  0.156317E-01      0.0000E+00      0.0000E+00
     558  0.306248E-01  0.165331E-02  0.598720E-02  0.280989E-01      0.0000E+00      0.0000E+00
     559  0.384418E-01  0.979092E-02  0.161147E-01  0.256659E-01      0.0000E+00      0.0000E+00
     560 -0.251393E-02 -0.977727E-02  0.493720E-01  0.207408E-01      0.0000E+00      0.0000E+00
     561 -0.297361E-01  0.778505E-02  0.306488E-01  0.169807E-01      0.0000E+00      0.0000E+00
     562 -0.266035E-01 -0.692568E-02  0.166176E-01  0.102104E-01      0.0000E+00      0.0000E+00
     563 -0.667071E-02 -0.122522E-01  0.726561E-02  0.274381E-02      0.0000E+00      0.0000E+00
     564  0.571651E-02  0.257055E-01  0.372482E-02  0.192457E-02      0.0000E+00      0.0000E+00
     565  0.148340E-02  0.333130E-01  0.249157E-02  0.126951E-02      0.0000E+00      0.0000E+00
     566  0.148036E-01 -0.104680E-01  0.703317E-02  0.521578E-02      0.0000E+00      0.0000E+00
     567  0.397363E-01 -0.283282E-02  0.288895E-02  0.268524E-02      0.0000E+00      0.0000E+00
     568  0.444874E-01  0.151677E-01  0.465933E-02  0.263459E-02      0.0000E+00      0.0000E+00
     569  0.259794E-01  0.123482E-01  0.810387E-02  0.231757E-02      0.0000E+00      0.0000E+00
     570  0.228699E-02  0.290901E-01  0.117199E-01  0.285810E-02      0.0000E+00      0.0000E+00
     571 -0.774456E-02  0.257002E-01  0.113275E-01  0.342796E-02      0.0000E+00      0.0000E+00
     572  0.769819E-04 -0.278518E-01  0.979345E-02  0.535621E-02      0.0000E+00      0.0000E+00
     573  0.891567E-02 -0.154997E-01  0.106626E-01  0.809682E-02      0.0000E+00      0.0000E+00
     574  0.989861E-02  0.243397E-01  0.626779E-02  0.292568E-02      0.0000E+00      0.0000E+00
     575  0.919643E-02  0.399187E-02  0.609566E-02  0.187741E-02      0.0000E+00      0.0000E+00
     576  0.643495E-02 -0.651888E-02  0.678092E-02  0.279818E-02      0.0000E+00      0.0000E+00
     577 -0.109441E-02  0.114109E-01  0.303427E-02  0.113916E-02      0.0000E+00      0.0000E+00
     578 -0.678753E-02 -0.180144E-01  0.315281E-02  0.982811E-03      0.0000E+00      0.0000E+00
     579 -0.296930E-02 -0.873852E-02  0.114927E-01  0.407301E-02      0.0000E+00      0.0000E+00
     580  0.175926E-03  0.373672E-01  0.768226E-02  0.181278E-02      0.0000E+00      0.0000E+00
     581 -0.327611E-02 -0.195053E-03  0.130360E-01  0.292783E-02      0.0000E+00      0.0000E+00
     582 -0.156806E-01 -0.415391E-01  0.878022E-02  0.398996E-02      0.0000E+00      0.0000E+00
     583 -0.237170E-01 -0.138593E-01  0.888315E-02  0.360850E-02      0.0000E+00      0.0000E+00
     584 -0.101052E-01 -0.871670E-02  0.391624E-01  0.210965E-02      0.0000E+00      0.0000E+00
     585  0.134946E-01 -0.178209E-01  0.707965E-02 -0.576477E-03      0.0000E+00      0.0000E+00
     586  0.138481E-01  0.103559E-01  0.116203E-01 -0.192788E-02      0.0000E+00      0.0000E+00
     587 -0.654984E-02 -0.401774E-02  0.583137E-02 -0.122385E-02      0.0000E+00      0.0000E+00
     588 -0.172490E-01 -0.445125E-01  0.102577E-01 -0.128451E-02      0.0000E+00      0.0000E+00
     589 -0.183164E-01 -0.494239E-02  0.203415E-01 -0.511099E-02      0.0000E+00      0.0000E+00
     590 -0.171745E-01  0.228387E-01  0.842333E-02 -0.523609E-02      0.0000E+00      0.0000E+00
     591 -0.271625E-01 -0.218290E-01  0.397733E-02 -0.373276E-02      0.0000E+00      0.0000E+00
     592 -0.279831E-01 -0.189110E-01  0.429738E-02 -0.545125E-02      0.0000E+00      0.0000E+00
     593 -0.311911E-02  0.230814E-01  0.387679E-02 -0.290271E-01      0.0000E+00      0.0000E+00
     594  0.223840E-01  0.644172E-02 -0.190868E-02 -0.105585E-01      0.0000E+00      0.0000E+00
     595  0.639642E-03  0.755885E-02 -0.212187E-02 -0.726339E-02      0.0000E+00      0.0000E+00
     596 -0.287046E-01  0.226338E-01  0.145964E-02 -0.256172E-01      0.0000E+00      0.0000E+00
     597 -0.715763E-02  0.874682E-02  0.284280E-03 -0.473449E-01      0.0000E+00      0.0000E+00
     598  0.302619E-01  0.119990E-01 -0.311228E-02 -0.958814E-02      0.0000E+00      0.0000E+00
     599  0.271602E-01  0.515800E-01 -0.311494E-02 -0.765934E-02      0.0000E+00      0.0000E+00
     600 -0.623085E-02  0.286412E-01  0.788652E-02 -0.573519E-01      0.0000E+00      0.0000E+00
     601 -0.231468E-01  0.280646E-01  0.497386E-02 -0.137472E-01      0.0000E+00      0.0000E+00
     602 -0.177017E-01  0.516215E-01  0.259986E-02 -0.139041E-02      0.0000E+00      0.0000E+00
     603  0.417935E-02  0.205534E-01  0.221140E-01 -0.110965E-01      0.0000E+00      0.0000E+00
     604  0.264177E-02 -0.250787E-02  0.190152E-01 -0.582801E-02      0.0000E+00      0.0000E+00
     605 -0.152549E-01  0.429372E-01  0.629143E-02 -0.879487E-03      0.0000E+00      0.0000E+00
     606 -0.206202E-01  0.270597E-01  0.511181E-01 -0.319024E-02      0.0000E+00      0.0000E+00
     607 -0.128509E-01  0.400258E-02  0.262639E-01  0.275966E-02      0.0000E+00      0.0000E+00
     608 -0.570619E-02  0.114108E-02  0.153975E-01  0.304656E-02      0.0000E+00      0.0000E+00
     609  0.661511E-02 -0.662519E-02  0.412611E-02  0.839758E-03      0.0000E+00      0.0000E+00
     610  0.880870E-03 -0.694403E-02  0.963974E-02  0.179048E-02      0.0000E+00      0.0000E+00
     611 -0.152245E-01  0.326259E-01  0.168764E-01  0.219247E-02      0.0000E+00      0.0000E+00
     612  0.981803E-02  0.981741E-02  0.310260E-01  0.380631E-02      0.0000E+00      0.0000E+00
     613  0.425861E-01 -0.193627E-01  0.277278E-01  0.573109E-02      0.0000E+00      0.0000E+00
     614  0.257086E-01 -0.114352E-01  0.130290E-01  0.181431E-02      0.0000E+00      0.0000E+00
     615  0.185896E-02  0.419185E-02  0.284522E-01  0.872227E-04      0.0000E+00      0.0000E+00
     616  0.310499E-01 -0.113319E-01  0.472461E-02 -0.105161E-03      0.0000E+00      0.0000E+00
     617  0.352898E-01  0.988276E-02  0.248964E-01 -0.522728E-03      0.0000E+00      0.0000E+00
     618 -0.318140E-03 -0.105670E-01  0.106254E-01 -0.266168E-03      0.0000E+00      0.0000E+00
     619  0.254143E-02 -0.361790E-01  0.257261E-01 -0.340491E-04      0.0000E+00      0.0000E+00
     620  0.161215E-01 -0.183823E-01  0.260531E-01 -0.157476E-02      0.0000E+00      0.0000E+00
     621 -0.231614E-01  0.211188E-01  0.463044E-01 -0.730839E-02      0.0000E+00      0.0000E+00
     622 -0.296603E-01 -0.229225E-01  0.168177E-01 -0.218308E-02      0.0000E+00      0.0000E+00
     623 -0.418821E-02 -0.176835E-01  0.774940E-02 -0.638298E-03      0.0000E+00      0.0000E+00
     624 -0.155878E-01  0.817300E-03  0.254702E-01 -0.514295E-02      0.0000E+00      0.0000E+00
     625 -0.171621E-01 -0.153473E-01  0.103270E-01 -0.280745E-02      0.0000E+00      0.0000E+00
     626  0.668121E-02 -0.255140E-01  0.593096E-02 -0.179414E-02      0.0000E+00      0.0000E+00
     627  0.248291E-02  0.217259E-01  0.108687E-01 -0.490142E-02      0.0000E+00      0.0000E+00
     628  0.107993E-02 -0.722253E-02  0.262630E-02 -0.118445E-02      0.0000E+00      0.0000E+00
     629  0.166160E-01 -0.297032E-01  0.742441E-02 -0.239360E-02      0.0000E+00      0.0000E+00
     630  0.107307E-01  0.256975E-02  0.164595E-01 -0.526590E-02      0.0000E+00      0.0000E+00
     631  0.291639E-02  0.241882E-01  0.158052E-01 -0.484647E-02      0.0000E+00      0.0000E+00
     632  0.143083E-01 -0.198713E-01  0.163078E-01 -0.165956E-02      0.0000E+00      0.0000E+00
     633  0.108331E-01 -0.111043E-01 -0.501744E-02  0.121074E-01      0.0000E+00      0.0000E+00
     634 -0.130275E-01 -0.317311E-02  0.503896E-02  0.204013E-01      0.0000E+00      0.0000E+00
     635 -0.984229E-02 -0.165048E-01 -0.211891E-01  0.284767E-01      0.0000E+00      0.0000E+00
     636 -0.125325E-02 -0.370191E-02 -0.854260E-02  0.149880E-01      0.0000E+00      0.0000E+00
     637 -0.138177E-01  0.492632E-01  0.214291E-01 -0.819405E-02      0.0000E+00      0.0000E+00
     638 -0.232091E-01  0.472967E-02  0.647236E-01  0.277020E-02      0.0000E+00      0.0000E+00
     639 -0.315282E-02 -0.283191E-01  0.660331E-01  0.740771E-02      0.0000E+00      0.0000E+00
     640  0.236859E-03  0.291843E-02  0.340876E-01  0.518949E-02      0.0000E+00      0.0000E+00
     641 -0.221712E-01  0.312643E-01  0.283104E-01 -0.173403E-02      0.0000E+00      0.0000E+00
     642 -0.149677E-01 -0.381321E-02  0.284924E-01 -0.438508E-04      0.0000E+00      0.0000E+00
     643  0.154016E-01 -0.984143E-02  0.206094E-01  0.220018E-02      0.0000E+00      0.0000E+00
     644  0.104001E-01 -0.763279E-02  0.102161E-01 -0.194307E-01      0.0000E+00      0.0000E+00
     645 -0.141167E-01 -0.258282E-02  0.204693E-01 -0.318588E-01      0.0000E+00      0.0000E+00
     646  0.135950E-02  0.194579E-01  0.261287E-01 -0.267709E-01      0.0000E+00      0.0000E+00
     647  0.172769E-01  0.312632E-01  0.117461E-01 -0.252192E-01      0.0000E+00      0.0000E+00
     648 -0.154168E-01 -0.142145E-01  0.174828E-01 -0.252422E-01      0.0000E+00      0.0000E+00
     649 -0.449272E-01 -0.358190E-02  0.122422E-01 -0.219114E-01      0.0000E+00      0.0000E+00
     650 -0.366744E-01  0.431126E-01  0.269316E-01 -0.206985E-01      0.0000E+00      0.0000E+00
     651 -0.217535E-01  0.347728E-01  0.473196E-02 -0.274635E-01      0.0000E+00      0.0000E+00
     652 -0.258533E-01 -0.164679E-02  0.310238E-01 -0.316603E-01      0.0000E+00      0.0000E+00
     653 -0.487359E-01  0.632988E-02  0.101855E-01 -0.264018E-01      0.0000E+00      0.0000E+00
     654 -0.618279E-01  0.605914E-02 -0.538365E-01 -0.362796E-01      0.0000E+00      0.0000E+00
     655 -0.242848E-01  0.100957E-01 -0.839932E-01  0.421898E-02      0.0000E+00      0.0000E+00
     656  0.265186E-01  0.347183E-01  0.456998E-01  0.121269E+00      0.0000E+00      0.0000E+00
     657 -0.387465E-03  0.457300E-02 -0.367245E-02  0.719813E-01      0.0000E+00      0.0000E+00
     658 -0.146309E-01 -0.291030E-01 -0.390027E-01  0.135690E-01      0.0000E+00      0.0000E+00
     659  0.404672E-01  0.441227E-02 -0.394474E-01  0.243714E-01      0.0000E+00      0.0000E+00
     660  0.473088E-01  0.982398E-02 -0.591320E-02  0.119349E-01      0.0000E+00      0.0000E+00
     661 -0.663344E-02 -0.552980E-02  0.745406E-02  0.729661E-01      0.0000E+00      0.0000E+00
     662 -0.124643E-01  0.827019E-02  0.229365E-01  0.460257E-01      0.0000E+00      0.0000E+00
     663  0.272368E-01 -0.225521E-01  0.372338E-02  0.753907E-02      0.0000E+00      0.0000E+00
     664  0.169103E-01 -0.529599E-01  0.306534E-02  0.517849E-02      0.0000E+00      0.0000E+00
     665 -0.260319E-01 -0.443208E-02  0.153069E-01  0.101121E-01      0.0000E+00      0.0000E+00
     666 -0.275361E-01  0.129029E-01  0.272686E-01  0.733553E-02      0.0000E+00      0.0000E+00
     667 -0.465954E-02 -0.333359E-01  0.180190E-01  0.499371E-02      0.0000E+00      0.0000E+00
     668 -0.105342E-01 -0.257357E-01  0.508832E-02  0.167923E-02      0.0000E+00      0.0000E+00
     669 -0.381092E-01  0.902880E-02  0.451459E-01  0.700423E-02      0.0000E+00      0.0000E+00
     670 -0.301029E-01 -0.137050E-01  0.232822E-01  0.106742E-02      0.0000E+00      0.0000E+00
     671  0.205523E-01 -0.167488E-01  0.548640E-02  0.290626E-03      0.0000E+00      0.0000E+00
     672  0.178329E-01 -0.640341E-03  0.209717E-01  0.119080E-03      0.0000E+00      0.0000E+00
     673 -0.136075E-01 -0.239469E-01  0.353978E-01 -0.172972E-02      0.0000E+00      0.0000E+00
     674 -0.149533E-01 -0.303702E-01  0.449929E-01 -0.264733E-02      0.0000E+00      0.0000E+00
     675  0.152759E-01 -0.524785E-02  0.204516E-01  0.241412E-01      0.0000E+00      0.0000E+00
     676  0.428392E-01 -0.113558E-01  0.769929E-02  0.260988E-01      0.0000E+00      0.0000E+00
     677  0.486528E-01 -0.236055E-01 -0.412429E-02  0.247940E-01      0.0000E+00      0.0000E+00
     678  0.318778E-01 -0.177104E-02  0.253974E-01  0.198040E-01      0.0000E+00      0.0000E+00
     679  0.163988E-01 -0.100791E-02  0.383561E-01  0.187117E-01      0.0000E+00      0.0000E+00
     680  0.239394E-01 -0.198055E-02  0.227608E-01  0.744053E-02      0.0000E+00      0.0000E+00
     681  0.383324E-01  0.238646E-01 -0.158661E-01 -0.546569E-02      0.0000E+00      0.0000E+00
     682  0.263578E-01  0.100726E-01  0.582747E-02  0.870359E-03      0.0000E+00      0.0000E+00
     683 -0.189964E-01 -0.335836E-01  0.255382E-01 -0.124674E-02      0.0000E+00      0.0000E+00
     684 -0.640768E-01 -0.119352E-01  0.514420E-01 -0.177605E-01      0.0000E+00      0.0000E+00
     685 -0.628229E-01  0.164501E-01  0.794291E-02 -0.476612E-01      0.0000E+00      0.0000E+00
     686 -0.183649E-01  0.264469E-01  0.269872E-02 -0.609446E-01      0.0000E+00      0.0000E+00
     687  0.164305E-01  0.417718E-01  0.145790E-01 -0.162699E-01      0.0000E+00      0.0000E+00
     688  0.645029E-03  0.368811E-01  0.530538E-02 -0.894375E-02      0.0000E+00      0.0000E+00
     689 -0.207870E-01 -0.418399E-02  0.157526E-01 -0.100138E-01      0.0000E+00      0.0000E+00
     690 -0.868699E-02  0.133218E-01  0.102584E-01 -0.387396E-02      0.0000E+00      0.0000E+00
     691  0.242960E-01  0.433928E-01  0.333288E-02 -0.132144E-02      0.0000E+00      0.0000E+00
     692  0.447871E-01  0.266065E-01  0.556294E-02  0.912694E-02      0.0000E+00      0.0000E+00
     693  0.404221E-01  0.103206E-01 -0.583198E-02  0.129692E-01      0.0000E+00      0.0000E+00
     694  0.117330E-02  0.275605E-01 -0.176373E-01 -0.260344E-01      0.0000E+00      0.0000E+00
     695 -0.198287E-01  0.474566E-02 -0.125347E-02 -0.892954E-01      0.0000E+00      0.0000E+00
     696 -0.757192E-02  0.132900E-01 -0.268613E-01 -0.685612E-01      0.0000E+00      0.0000E+00
     697  0.396516E-02  0.283942E-01  0.569724E-01 -0.327393E-02      0.0000E+00      0.0000E+00
     698 -0.990360E-02  0.128896E-02  0.973110E-01  0.528927E-01      0.0000E+00      0.0000E+00
     699 -0.429379E-01 -0.797865E-02  0.965042E-01  0.121633E+00      0.0000E+00      0.0000E+00
     700 -0.735109E-01  0.105860E-01  0.758121E-01  0.927754E-01      0.0000E+00      0.0000E+00
     701 -0.549553E-01 -0.275865E-01  0.562420E-01  0.432835E-01      0.0000E+00      0.0000E+00
     702 -0.212037E-01 -0.463557E-01  0.169227E-01  0.191567E-01      0.0000E+00      0.0000E+00
     703 -0.167533E-01 -0.169922E-01  0.146212E-01  0.954328E-02      0.0000E+00      0.0000E+00
     704 -0.184478E-01 -0.334755E-02  0.140286E-01  0.754792E-02      0.0000E+00      0.0000E+00
     705 -0.243248E-02 -0.209920E-01  0.399474E-02  0.200955E-02      0.0000E+00      0.0000E+00
     706 -0.608336E-03 -0.444568E-02  0.646409E-02  0.351463E-02      0.0000E+00      0.0000E+00
     707 -0.349644E-02 -0.298189E-01  0.702091E-02  0.304135E-02      0.0000E+00      0.0000E+00
     708 -0.206463E-03 -0.588918E-01  0.782232E-02  0.251275E-02      0.0000E+00      0.0000E+00
     709  0.730608E-02 -0.329382E-01  0.251231E-01  0.272738E-02      0.0000E+00      0.0000E+00
     710  0.225236E-01  0.576614E-02  0.254793E-01 -0.370088E-02      0.0000E+00      0.0000E+00
     711  0.247270E-01 -0.113098E-01  0.150221E-01 -0.280197E-02      0.0000E+00      0.0000E+00
     712  0.578337E-02 -0.877794E-02  0.713333E-02 -0.775786E-03      0.0000E+00      0.0000E+00
     713  0.160042E-01 -0.142634E-01  0.306156E-01 -0.312262E-02      0.0000E+00      0.0000E+00
     714  0.165301E-01 -0.384375E-01  0.192005E-01 -0.220527E-02      0.0000E+00      0.0000E+00
     715 -0.136814E-01 -0.508748E-01  0.251496E-01  0.381450E-01      0.0000E+00      0.0000E+00
     716 -0.151868E-01 -0.167894E-01  0.427606E-01  0.682934E-01      0.0000E+00      0.0000E+00
     717 -0.597874E-02 -0.275283E-01  0.431620E-01  0.670879E-01      0.0000E+00      0.0000E+00
     718 -0.194732E-01 -0.368167E-01  0.238260E-01  0.378606E-01      0.0000E+00      0.0000E+00
     719 -0.197162E-01 -0.228844E-01  0.140464E-01  0.408550E-01      0.0000E+00      0.0000E+00
     720  0.385604E-03 -0.775327E-02  0.376930E-01  0.446837E-01      0.0000E+00      0.0000E+00
     721 -0.260157E-01 -0.373553E-01  0.286360E-01  0.246301E-01      0.0000E+00      0.0000E+00
     722 -0.121710E-01 -0.245832E-01  0.126639E-01  0.223722E-01      0.0000E+00      0.0000E+00
     723  0.926047E-02  0.264322E-02  0.207872E-01  0.276123E-01      0.0000E+00      0.0000E+00
     724 -0.274020E-02 -0.556412E-02  0.155872E-01  0.277989E-01      0.0000E+00      0.0000E+00
     725  0.113320E-01 -0.257999E-01  0.605596E-02  0.446932E-01      0.0000E+00      0.0000E+00
     726  0.264898E-01 -0.839280E-02  0.124416E-01  0.630183E-01      0.0000E+00      0.0000E+00
     727  0.224612E-01 -0.314071E-01  0.210786E-01  0.667223E-01      0.0000E+00      0.0000E+00
     728  0.115272E-01 -0.437819E-01  0.277730E-01  0.583357E-01      0.0000E+00      0.0000E+00
     729  0.133658E-01 -0.277112E-01  0.381111E-01  0.538528E-01      0.0000E+00      0.0000E+00
     730 -0.470178E-02 -0.334874E-02  0.540412E-01  0.264185E-01      0.0000E+00      0.0000E+00
     731 -0.119357E-01 -0.200629E-01 -0.765593E-02  0.140401E-01      0.0000E+00      0.0000E+00
     732  0.160649E-02  0.458640E-03 -0.623561E-02  0.170103E-01      0.0000E+00      0.0000E+00
     733 -0.134647E-01  0.121980E-01 -0.127026E-01  0.394424E-01      0.0000E+00      0.0000E+00
     734 -0.181117E-01 -0.139153E-01  0.394622E-01  0.395955E-01      0.0000E+00      0.0000E+00
     735 -0.217765E-02 -0.334599E-01  0.335296E-03  0.602067E-02      0.0000E+00      0.0000E+00
     736 -0.983557E-02  0.207114E-02  0.894794E-02  0.256086E-01      0.0000E+00      0.0000E+00
     737 -0.251015E-01 -0.631900E-03  0.290701E-01  0.499416E-01      0.0000E+00      0.0000E+00
     738 -0.823143E-02 -0.171228E-01  0.395195E-01  0.928240E-01      0.0000E+00      0.0000E+00
     739  0.132767E-01 -0.233385E-01  0.491655E-01  0.927846E-01      0.0000E+00      0.0000E+00
     740  0.787267E-03 -0.252504E-01  0.518608E-01  0.537998E-01      0.0000E+00      0.0000E+00
     741  0.419078E-02 -0.296716E-01  0.120467E-02 -0.711742E-02      0.0000E+00      0.0000E+00
     742  0.294714E-01  0.936146E-02  0.173970E-01  0.283851E-02      0.0000E+00      0.0000E+00
     743  0.128874E-01  0.181048E-01  0.523690E-01 -0.152339E-01      0.0000E+00      0.0000E+00
     744 -0.650829E-02 -0.205216E-02  0.178324E-01 -0.387103E-01      0.0000E+00      0.0000E+00
     745  0.308836E-02 -0.161826E-01  0.243306E-01 -0.186035E-01      0.0000E+00      0.0000E+00
     746  0.842410E-02 -0.331168E-02 -0.184823E-01  0.479574E-01      0.0000E+00      0.0000E+00
     747 -0.173230E-01 -0.100544E-01 -0.508638E-01  0.614939E-01      0.0000E+00      0.0000E+00
     748 -0.250432E-01 -0.710021E-02 -0.853845E-02  0.400585E-01      0.0000E+00      0.0000E+00
     749 -0.206039E-01 -0.140097E-01 -0.132665E-01  0.189280E-01      0.0000E+00      0.0000E+00
     750 -0.217205E-01 -0.909440E-02 -0.907055E-02 -0.138145E-01      0.0000E+00      0.0000E+00
     751 -0.299732E-01  0.185456E-01  0.388153E-01 -0.338208E-01      0.0000E+00      0.0000E+00
     752 -0.272601E-01  0.392387E-01  0.793540E-01 -0.209497E-01      0.0000E+00      0.0000E+00
     753 -0.157703E-01  0.106447E-01  0.103800E+00  0.216880E-02      0.0000E+00      0.0000E+00
     754 -0.227619E-02 -0.159388E-03  0.762642E-01  0.128792E-01      0.0000E+00      0.0000E+00
     755 -0.971005E-02  0.180081E-01  0.613330E-01  0.142572E-01      0.0000E+00      0.0000E+00
     756 -0.247355E-01  0.281918E-01  0.477859E-01  0.394809E-02      0.0000E+00      0.0000E+00
     757 -0.210617E-01  0.162149E-01  0.336193E-01 -0.834248E-02      0.0000E+00      0.0000E+00
     758  0.486800E-02  0.746260E-02  0.296631E-01 -0.121113E-01      0.0000E+00      0.0000E+00
     759  0.995928E-02 -0.252731E-02  0.165496E-01 -0.219814E-01      0.0000E+00      0.0000E+00
     760  0.136113E-02  0.230410E-01  0.184228E-01 -0.289006E-01      0.0000E+00      0.0000E+00
     761  0.396584E-02  0.592809E-01  0.267945E-02 -0.618130E-01      0.0000E+00      0.0000E+00
     762  0.211305E-01  0.530839E-01  0.312701E-01 -0.916066E-01      0.0000E+00      0.0000E+00
     763  0.257328E-01  0.207071E-01  0.381570E-01 -0.109962E+00      0.0000E+00      0.0000E+00
     764  0.159194E-01  0.323686E-01  0.188873E-01 -0.107153E+00      0.0000E+00      0.0000E+00
     765  0.298995E-02  0.342203E-01  0.310360E-01 -0.829581E-01      0.0000E+00      0.0000E+00
     766 -0.679156E-02  0.207936E-01  0.206092E-01 -0.867696E-01      0.0000E+00      0.0000E+00
     767 -0.231031E-01  0.246505E-01  0.188492E-02 -0.993843E-01      0.0000E+00      0.0000E+00
     768 -0.347921E-01  0.498059E-01  0.254220E-01 -0.111487E+00      0.0000E+00      0.0000E+00
     769 -0.321487E-01  0.559216E-01  0.222226E-01 -0.115847E+00      0.0000E+00      0.0000E+00
     770 -0.129396E-01  0.579001E-01  0.574400E-01 -0.847267E-01      0.0000E+00      0.0000E+00
     771  0.200010E-02  0.263790E-01  0.107061E-01 -0.368462E-01      0.0000E+00      0.0000E+00
     772  0.857973E-02  0.198098E-01  0.198798E-01 -0.343070E-01      0.0000E+00      0.0000E+00
     773  0.124625E-01  0.354280E-01  0.576156E-02 -0.255026E-01      0.0000E+00      0.0000E+00
     774  0.212636E-01  0.255839E-01 -0.727220E-01  0.250569E-01      0.0000E+00      0.0000E+00
     775  0.298136E-01 -0.880793E-02 -0.726109E-01  0.785451E-01      0.0000E+00      0.0000E+00
     776  0.232590E-01  0.243777E-03 -0.578578E-01  0.927234E-01      0.0000E+00      0.0000E+00
     777  0.720666E-02 -0.233346E-02 -0.116725E-01  0.774715E-01      0.0000E+00      0.0000E+00
     778 -0.918638E-02 -0.112904E-01  0.254763E-01  0.940650E-01      0.0000E+00      0.0000E+00
     779 -0.154137E-01 -0.837006E-02  0.134401E-01  0.507445E-01      0.0000E+00      0.0000E+00
     780 -0.966682E-02 -0.156657E-01  0.605650E-02  0.252012E-01      0.0000E+00      0.0000E+00
     781 -0.162769E-01 -0.485612E-01  0.103044E-02  0.709315E-02      0.0000E+00      0.0000E+00
