       1  0.632232E-01  0.296336E+01 -0.657827E-01  0.136835E-02
       2  0.756859E-01  0.307100E+01 -0.978603E-01  0.939165E-01
       3  0.169265E+00  0.309008E+01 -0.375163E-01  0.780651E-01
       4  0.228046E+00  0.306041E+01  0.280885E-01 -0.146698E-01
       5  0.185783E+00  0.317715E+01 -0.929693E-02  0.410189E-01
       6  0.949158E-01  0.329746E+01 -0.114964E+00  0.108977E+00
       7  0.680210E-01  0.326489E+01 -0.146568E+00  0.186591E-01
       8  0.131504E+00  0.319945E+01 -0.508381E-01 -0.983890E-01
       9  0.188559E+00  0.328714E+01  0.577979E-01 -0.332350E-01
      10  0.132031E+00  0.332324E+01  0.499982E-01  0.783382E-02
      11  0.104660E-01  0.323582E+01 -0.236098E-01 -0.677374E-01
      12  0.619929E+01  0.318876E+01 -0.690005E-01 -0.107397E+00
      13  0.617477E+01  0.322467E+01 -0.453827E-01 -0.469378E-01
      14  0.618606E+01  0.321086E+01  0.128450E-01 -0.267127E-01
      15  0.615553E+01  0.313345E+01  0.298106E-01 -0.709863E-01
      16  0.606726E+01  0.311061E+01 -0.261529E-01 -0.583367E-01
      17  0.600544E+01  0.310050E+01 -0.660424E-01 -0.190305E-01
      18  0.601659E+01  0.304133E+01 -0.238272E-01 -0.250990E-01
      19  0.607630E+01  0.299285E+01  0.818516E-01 -0.337500E-01
      20  0.611197E+01  0.298387E+01  0.155081E+00 -0.501216E-02
      21  0.609684E+01  0.295313E+01  0.130837E+00  0.158450E-01
      22  0.609025E+01  0.294213E+01  0.744866E-01  0.319143E-01
      23  0.614536E+01  0.296258E+01  0.754442E-01  0.649232E-01
      24  0.623981E+01  0.299252E+01  0.115003E+00  0.963409E-01
      25  0.162412E-01  0.295030E+01 -0.616309E+01  0.420010E-01
      26  0.156313E-01  0.292165E+01 -0.621732E+01 -0.265395E-02
      27  0.627307E+01  0.298612E+01  0.626870E+01  0.521104E-01
      28  0.193517E-01  0.303187E+01 -0.364529E-01  0.926579E-01
      29  0.958063E-01  0.303033E+01  0.265847E-02  0.637547E-01
      30  0.149303E+00  0.304858E+01  0.779650E-01  0.292911E-01
      31  0.107235E+00  0.310688E+01  0.694038E-01  0.408016E-01
      32  0.269906E-01  0.316021E+01 -0.212639E-01  0.400047E-01
      33  0.627735E+01  0.320229E+01  0.621880E+01  0.320870E-01
      34  0.109232E-01  0.320788E+01 -0.169614E-02  0.470249E-02
      35  0.460241E-02  0.321519E+01 -0.624335E+01 -0.167697E-01
      36  0.622280E+01  0.323724E+01  0.132390E-01 -0.255263E-01
      37  0.612197E+01  0.330037E+01 -0.508998E-01  0.365937E-02
      38  0.605850E+01  0.330366E+01 -0.646070E-01 -0.169463E-01
      39  0.606329E+01  0.328382E+01 -0.524108E-02 -0.473891E-01
      40  0.607083E+01  0.328574E+01  0.578281E-01 -0.468972E-01
      41  0.603607E+01  0.329255E+01  0.754773E-01 -0.307704E-01
      42  0.597263E+01  0.324371E+01  0.552160E-01 -0.588329E-01
      43  0.594946E+01  0.316842E+01  0.617488E-01 -0.938105E-01
      44  0.598508E+01  0.310947E+01  0.100372E+00 -0.999599E-01
      45  0.605452E+01  0.311665E+01  0.155996E+00 -0.300619E-01
      46  0.608833E+01  0.311877E+01  0.159835E+00  0.264369E-01
      47  0.607765E+01  0.307712E+01  0.102697E+00  0.131776E-01
      48  0.606082E+01  0.307700E+01  0.409836E-01  0.263855E-02
      49  0.610175E+01  0.312890E+01  0.472060E-01  0.185437E-01
      50  0.619060E+01  0.318414E+01  0.941710E-01  0.335566E-01
      51  0.626316E+01  0.319589E+01  0.117912E+00  0.156512E-01
      52  0.628244E+01  0.321317E+01  0.935659E-01  0.234366E-02
      53  0.626687E+01  0.323583E+01  0.441716E-01 -0.780083E-02
      54  0.627383E+01  0.328086E+01  0.130693E-01  0.185109E-02
      55  0.531357E-01  0.329613E+01  0.265152E-01 -0.126040E-01
      56  0.127919E+00  0.331325E+01  0.557097E-01 -0.240274E-01
      57  0.123453E+00  0.335325E+01  0.533586E-01 -0.387380E-01
      58  0.506223E-01  0.343026E+01  0.203024E-02 -0.218054E-01
      59  0.625923E+01  0.349207E+01  0.621771E+01 -0.257404E-01
      60  0.626026E+01  0.353432E+01  0.623809E+01 -0.446723E-01
      61  0.114971E-02  0.353161E+01 -0.626119E+01 -0.872691E-01
      62  0.624324E+01  0.350893E+01  0.298888E-01 -0.123522E+00
      63  0.613794E+01  0.347905E+01 -0.334735E-01 -0.136279E+00
      64  0.606887E+01  0.345840E+01 -0.628862E-01 -0.113116E+00
      65  0.607557E+01  0.340093E+01 -0.233739E-01 -0.119302E+00
      66  0.612141E+01  0.332126E+01  0.448615E-01 -0.148757E+00
      67  0.613192E+01  0.328591E+01  0.704615E-01 -0.133108E+00
      68  0.607481E+01  0.327679E+01  0.273360E-01 -0.873021E-01
      69  0.601813E+01  0.327548E+01  0.202411E-02 -0.383309E-01
      70  0.602257E+01  0.325951E+01  0.587207E-01 -0.422106E-01
      71  0.606689E+01  0.330394E+01  0.155569E+00 -0.197370E-01
      72  0.606063E+01  0.334751E+01  0.199356E+00 -0.215192E-02
      73  0.599394E+01  0.340662E+01  0.145669E+00  0.107848E-01
      74  0.592541E+01  0.340055E+01  0.391205E-01 -0.419094E-01
      75  0.591481E+01  0.343131E+01  0.267117E-01 -0.677029E-01
      76  0.593009E+01  0.349343E+01  0.744529E-01 -0.533995E-01
      77  0.593939E+01  0.360528E+01  0.100819E+00  0.767171E-02
      78  0.594150E+01  0.364156E+01  0.958949E-01 -0.977466E-02
      79  0.597794E+01  0.362806E+01  0.931685E-01 -0.672382E-01
      80  0.604784E+01  0.359408E+01  0.112500E+00 -0.126411E+00
      81  0.611489E+01  0.358423E+01  0.124667E+00 -0.137350E+00
      82  0.615101E+01  0.357342E+01  0.107494E+00 -0.130814E+00
      83  0.617142E+01  0.353639E+01  0.768715E-01 -0.142694E+00
      84  0.621620E+01  0.348221E+01  0.762324E-01 -0.160699E+00
      85  0.626028E+01  0.342008E+01  0.100475E+00 -0.163450E+00
      86  0.627990E+01  0.340413E+01  0.123181E+00 -0.113979E+00
      87  0.624878E+01  0.335433E+01  0.792074E-01 -0.100197E+00
      88  0.622916E+01  0.328857E+01  0.340584E-01 -0.113532E+00
      89  0.620079E+01  0.321774E+01  0.597155E-02 -0.130711E+00
      90  0.617810E+01  0.323130E+01  0.191534E-01 -0.679754E-01
      91  0.613524E+01  0.319083E+01  0.532708E-02 -0.538960E-01
      92  0.612130E+01  0.311019E+01 -0.118089E-01 -0.701332E-01
      93  0.613134E+01  0.302116E+01 -0.889569E-02 -0.947329E-01
      94  0.617469E+01  0.302958E+01  0.157016E-01 -0.254712E-01
      95  0.621601E+01  0.303513E+01  0.131422E-01  0.187244E-01
      96  0.625201E+01  0.302069E+01 -0.273738E-02  0.258254E-01
      97  0.660001E-02  0.295969E+01 -0.107877E-01 -0.723027E-02
      98  0.583245E-01  0.291872E+01  0.203294E-01 -0.244950E-02
      99  0.112559E+00  0.288386E+01  0.755805E-01  0.206347E-01
     100  0.146911E+00  0.285042E+01  0.904782E-01  0.473826E-01
     101  0.166727E+00  0.283292E+01  0.670506E-01  0.694411E-01
     102  0.157805E+00  0.285175E+01  0.467701E-02  0.102995E+00
     103  0.159094E+00  0.288218E+01 -0.487128E-01  0.126347E+00
     104  0.160161E+00  0.289987E+01 -0.973473E-01  0.116219E+00
     105  0.182599E+00  0.296372E+01 -0.109438E+00  0.131118E+00
     106  0.177321E+00  0.299259E+01 -0.115210E+00  0.955792E-01
     107  0.166698E+00  0.302219E+01 -0.106768E+00  0.638322E-01
     108  0.146615E+00  0.305963E+01 -0.102532E+00  0.461633E-01
     109  0.156463E+00  0.313623E+01 -0.614050E-01  0.830319E-01
     110  0.163199E+00  0.314365E+01 -0.225188E-01  0.513893E-01
     111  0.176092E+00  0.314900E+01 -0.193021E-01  0.425251E-02
     112  0.194416E+00  0.314650E+01 -0.523059E-01 -0.216254E-01
     113  0.222481E+00  0.319739E+01 -0.770632E-01  0.105379E-01
     114  0.250827E+00  0.322872E+01 -0.101813E+00  0.181843E-01
     115  0.272930E+00  0.326614E+01 -0.117172E+00  0.199086E-01
     116  0.278274E+00  0.330827E+01 -0.106754E+00  0.692277E-02
     117  0.258812E+00  0.335909E+01 -0.880298E-01  0.105811E-01
     118  0.248316E+00  0.337994E+01 -0.562434E-01 -0.165744E-01
     119  0.239791E+00  0.339652E+01 -0.274144E-01 -0.485382E-01
     120  0.237465E+00  0.342552E+01  0.327746E-02 -0.677318E-01
     121  0.196175E+00  0.349891E+01 -0.336302E-01 -0.471700E-01
     122  0.151641E+00  0.358233E+01 -0.937166E-01 -0.155199E-01
     123  0.910292E-01  0.359682E+01 -0.145170E+00 -0.520119E-01
     124  0.529492E-01  0.357054E+01 -0.137235E+00 -0.108763E+00
     125  0.207728E-01  0.352497E+01 -0.114393E+00 -0.156570E+00
     126  0.189293E-01  0.353032E+01 -0.633454E-01 -0.133567E+00
     127  0.185964E-01  0.349358E+01 -0.196650E-01 -0.132410E+00
     128  0.475124E-01  0.341801E+01  0.452280E-02 -0.149525E+00
     129  0.688144E-01  0.334294E+01  0.415739E-02 -0.166991E+00
     130  0.721255E-01  0.334081E+01  0.195300E-01 -0.105979E+00
     131  0.569537E-01  0.333266E+01 -0.885443E-02 -0.645190E-01
     132  0.745128E-01  0.335560E+01 -0.342554E-01 -0.393887E-01
     133  0.131246E+00  0.336505E+01 -0.257339E-01 -0.599037E-01
     134  0.189341E+00  0.334707E+01 -0.230459E-01 -0.742978E-01
     135  0.220844E+00  0.331013E+01 -0.458113E-01 -0.983488E-01
     136  0.230172E+00  0.333042E+01 -0.894324E-01 -0.585132E-01
     137  0.259307E+00  0.331018E+01 -0.101392E+00 -0.481586E-01
     138  0.304988E+00  0.324359E+01 -0.897612E-01 -0.775550E-01
     139  0.368648E+00  0.320502E+01 -0.618436E-01 -0.805394E-01
     140  0.395889E+00  0.321201E+01 -0.668735E-01 -0.366171E-01
     141  0.388086E+00  0.315331E+01 -0.104477E+00 -0.414613E-01
     142  0.346029E+00  0.305880E+01 -0.150085E+00 -0.737891E-01
     143  0.314924E+00  0.303777E+01 -0.149156E+00 -0.422288E-01
     144  0.269632E+00  0.306199E+01 -0.149952E+00  0.207700E-01
     145  0.220609E+00  0.303297E+01 -0.152681E+00  0.239291E-01
     146  0.161797E+00  0.295152E+01 -0.176491E+00 -0.214215E-01
     147  0.132544E+00  0.294412E+01 -0.180897E+00  0.141762E-01
     148  0.117773E+00  0.295564E+01 -0.158282E+00  0.618060E-01
     149  0.106168E+00  0.298571E+01 -0.122930E+00  0.811544E-01
     150  0.864638E-01  0.300235E+01 -0.100965E+00  0.548818E-01
     151  0.625966E-01  0.303437E+01 -0.792805E-01  0.498278E-01
     152  0.505069E-01  0.303813E+01 -0.389319E-01  0.325615E-01
     153  0.359191E-01  0.304816E+01  0.100511E-02  0.314868E-01
     154  0.144257E-01  0.302666E+01 -0.625091E+01  0.158333E-01
     155  0.624984E+01  0.297705E+01  0.190878E-01  0.120303E-02
     156  0.622075E+01  0.290838E+01 -0.118918E-01 -0.164227E-01
     157  0.621155E+01  0.287026E+01 -0.369576E-01  0.314314E-02
     158  0.621989E+01  0.285171E+01 -0.265579E-01  0.498772E-01
     159  0.620905E+01  0.280741E+01 -0.426967E-01  0.705232E-01
     160  0.619898E+01  0.276837E+01 -0.583823E-01  0.896803E-01
     161  0.619195E+01  0.275658E+01 -0.464406E-01  0.125660E+00
     162  0.621146E+01  0.276676E+01  0.169684E-01  0.157261E+00
     163  0.623873E+01  0.278862E+01  0.982917E-01  0.170941E+00
     164  0.623955E+01  0.284212E+01  0.147067E+00  0.192452E+00
     165  0.620006E+01  0.285158E+01  0.137988E+00  0.151944E+00
     166  0.614693E+01  0.288136E+01  0.897659E-01  0.118615E+00
     167  0.610455E+01  0.291411E+01  0.721433E-01  0.949364E-01
     168  0.606269E+01  0.293799E+01  0.807225E-01  0.939223E-01
     169  0.601001E+01  0.292728E+01  0.822081E-01  0.712794E-01
     170  0.593444E+01  0.295735E+01  0.511392E-01  0.833593E-01
     171  0.588587E+01  0.298357E+01  0.413601E-01  0.862285E-01
     172  0.587163E+01  0.299186E+01  0.727947E-01  0.663503E-01
     173  0.589324E+01  0.301496E+01  0.132338E+00  0.486858E-01
     174  0.592754E+01  0.308704E+01  0.167479E+00  0.708096E-01
     175  0.597883E+01  0.313015E+01  0.182851E+00  0.651658E-01
     176  0.601866E+01  0.314146E+01  0.180457E+00  0.343726E-01
     177  0.605006E+01  0.317912E+01  0.175021E+00  0.316783E-01
     178  0.604837E+01  0.323432E+01  0.185407E+00  0.357570E-01
     179  0.601759E+01  0.325013E+01  0.197027E+00  0.156877E-01
     180  0.598262E+01  0.327433E+01  0.169207E+00 -0.107255E-01
     181  0.597948E+01  0.334755E+01  0.130146E+00  0.119780E-01
     182  0.600059E+01  0.337868E+01  0.116058E+00  0.603864E-02
     183  0.600740E+01  0.336046E+01  0.896091E-01 -0.496755E-01
     184  0.596971E+01  0.339963E+01  0.572533E-01 -0.628069E-01
     185  0.590904E+01  0.351639E+01  0.235627E-01  0.667294E-03
     186  0.589970E+01  0.354625E+01  0.599603E-01 -0.505260E-02
     187  0.593475E+01  0.348414E+01  0.146685E+00 -0.896261E-01
     188  0.595087E+01  0.348036E+01  0.213968E+00 -0.109265E+00
     189  0.590961E+01  0.349848E+01  0.209651E+00 -0.669424E-01
     190  0.587536E+01  0.338677E+01  0.163952E+00 -0.115405E+00
     191  0.585117E+01  0.326491E+01  0.153602E+00 -0.174858E+00
     192  0.584154E+01  0.328170E+01  0.152489E+00 -0.951914E-01
     193  0.584484E+01  0.330957E+01  0.130610E+00 -0.880939E-02
     194  0.587799E+01  0.322456E+01  0.138744E+00 -0.407685E-01
     195  0.589946E+01  0.312443E+01  0.137997E+00 -0.917184E-01
     196  0.592956E+01  0.310823E+01  0.142134E+00 -0.523994E-01
     197  0.598087E+01  0.307645E+01  0.168151E+00 -0.263597E-01
     198  0.607009E+01  0.302365E+01  0.216045E+00 -0.375844E-01
     199  0.613786E+01  0.306000E+01  0.232702E+00  0.148624E-01
     200  0.616837E+01  0.311106E+01  0.217719E+00  0.712024E-01
     201  0.615967E+01  0.306287E+01  0.156452E+00  0.170879E-01
     202  0.616125E+01  0.301235E+01  0.102916E+00 -0.403572E-01
     203  0.619041E+01  0.309037E+01  0.770565E-01  0.311450E-01
     204  0.623066E+01  0.313757E+01  0.632628E-01  0.631642E-01
     205  0.625420E+01  0.307220E+01  0.359909E-01 -0.246250E-01
     206  0.625484E+01  0.304015E+01 -0.834583E-02 -0.548293E-01
     207  0.625799E+01  0.306534E+01 -0.227349E-01  0.172067E-01
     208  0.626702E+01  0.301080E+01  0.105984E-01  0.799808E-02
     209  0.614642E-02  0.290353E+01 -0.622813E+01 -0.527970E-01
     210  0.272996E-01  0.288538E+01 -0.623118E+01 -0.120250E-01
     211  0.552622E-01  0.290385E+01 -0.622224E+01  0.681989E-01
     212  0.483390E-01  0.284395E+01  0.317791E-01  0.679756E-01
     213  0.448785E-01  0.276732E+01  0.313434E-02  0.485272E-01
     214  0.261488E-01  0.276549E+01 -0.179151E-01  0.101878E+00
     215  0.191321E-01  0.274623E+01 -0.166823E-01  0.136111E+00
     216  0.139361E-01  0.270003E+01 -0.232920E-01  0.144540E+00
     217  0.150647E-01  0.271036E+01 -0.344531E-01  0.207096E+00
     218  0.212820E-01  0.269029E+01 -0.535095E-01  0.232706E+00
     219  0.491217E-01  0.268206E+01 -0.684969E-01  0.231356E+00
     220  0.907560E-01  0.275158E+01 -0.612522E-01  0.251942E+00
     221  0.136194E+00  0.277267E+01 -0.538898E-01  0.225900E+00
     222  0.180971E+00  0.275257E+01 -0.513772E-01  0.163521E+00
     223  0.210947E+00  0.280887E+01 -0.644257E-01  0.178317E+00
     224  0.250079E+00  0.286149E+01 -0.714617E-01  0.195754E+00
     225  0.289044E+00  0.285548E+01 -0.734843E-01  0.146080E+00
     226  0.333353E+00  0.286568E+01 -0.577967E-01  0.101453E+00
     227  0.351656E+00  0.292325E+01 -0.798384E-01  0.115043E+00
     228  0.348299E+00  0.294120E+01 -0.133009E+00  0.106431E+00
     229  0.332728E+00  0.296894E+01 -0.183990E+00  0.953854E-01
     230  0.322437E+00  0.303571E+01 -0.183286E+00  0.104069E+00
     231  0.295328E+00  0.305638E+01 -0.174207E+00  0.752404E-01
     232  0.262559E+00  0.304657E+01 -0.165513E+00  0.226781E-01
     233  0.237280E+00  0.308597E+01 -0.141843E+00  0.337531E-01
     234  0.232523E+00  0.318384E+01 -0.124516E+00  0.884860E-01
     235  0.236693E+00  0.322386E+01 -0.126603E+00  0.708790E-01
     236  0.215078E+00  0.317578E+01 -0.105824E+00 -0.162766E-01
     237  0.171998E+00  0.315888E+01 -0.102699E+00 -0.617282E-01
     238  0.137844E+00  0.327535E+01 -0.114538E+00  0.921373E-02
     239  0.160047E+00  0.336616E+01 -0.123757E+00  0.548901E-01
     240  0.215041E+00  0.336769E+01 -0.953754E-01 -0.793721E-03
     241  0.258825E+00  0.339459E+01 -0.524093E-01 -0.376778E-01
     242  0.262482E+00  0.347738E+01 -0.734474E-01 -0.490557E-02
     243  0.271923E+00  0.348357E+01 -0.112598E+00 -0.307703E-01
     244  0.314219E+00  0.344659E+01 -0.108939E+00 -0.107708E+00
     245  0.378544E+00  0.350692E+01 -0.541563E-01 -0.991517E-01
     246  0.387867E+00  0.362672E+01 -0.194969E-01 -0.243583E-01
     247  0.325135E+00  0.366585E+01 -0.536471E-01 -0.274646E-01
     248  0.244775E+00  0.367704E+01 -0.116155E+00 -0.672587E-01
     249  0.223184E+00  0.372277E+01 -0.104073E+00 -0.660292E-01
     250  0.205906E+00  0.371771E+01 -0.684465E-01 -0.889067E-01
     251  0.158836E+00  0.364848E+01 -0.692655E-01 -0.165634E+00
     252  0.807224E-01  0.364271E+01 -0.103797E+00 -0.189789E+00
     253  0.158787E-01  0.373755E+01 -0.118476E+00 -0.105798E+00
     254  0.626338E+01  0.375031E+01  0.618435E+01 -0.879588E-01
     255  0.624629E+01  0.368169E+01  0.622262E+01 -0.155049E+00
     256  0.620883E+01  0.365107E+01 -0.427791E-01 -0.181364E+00
     257  0.616240E+01  0.369865E+01 -0.365871E-01 -0.114747E+00
     258  0.613788E+01  0.364683E+01 -0.128916E-01 -0.135072E+00
     259  0.615301E+01  0.353811E+01  0.391455E-01 -0.205307E+00
     260  0.619181E+01  0.346663E+01  0.686376E-01 -0.221866E+00
     261  0.622121E+01  0.348170E+01  0.736107E-01 -0.148375E+00
     262  0.620448E+01  0.344077E+01  0.589011E-01 -0.124173E+00
     263  0.615051E+01  0.335788E+01  0.506208E-02 -0.141983E+00
     264  0.614172E+01  0.331643E+01 -0.112973E-01 -0.127875E+00
     265  0.618448E+01  0.332612E+01  0.340751E-01 -0.635145E-01
     266  0.622782E+01  0.323570E+01  0.924214E-01 -0.921422E-01
     267  0.621976E+01  0.312387E+01  0.829572E-01 -0.143429E+00
     268  0.618443E+01  0.312501E+01  0.347342E-01 -0.833071E-01
     269  0.615515E+01  0.313544E+01  0.177997E-01 -0.100001E-01
     270  0.618239E+01  0.304009E+01  0.256140E-01 -0.501786E-01
     271  0.621650E+01  0.298364E+01  0.585844E-01 -0.538138E-01
     272  0.621172E+01  0.302758E+01  0.581046E-01  0.410017E-01
     273  0.617993E+01  0.296533E+01  0.940972E-02  0.348258E-01
     274  0.618145E+01  0.281025E+01 -0.508289E-03 -0.559648E-01
     275  0.621624E+01  0.282260E+01  0.139821E-01  0.168860E-01
     276  0.627293E+01  0.293728E+01  0.242065E-01  0.162401E+00
     277  0.331362E-01  0.289457E+01  0.127134E-01  0.110976E+00
     278  0.568802E-01  0.285772E+01 -0.932990E-02  0.488780E-01
     279  0.797127E-01  0.294810E+01 -0.282718E-01  0.116758E+00
     280  0.124739E+00  0.302436E+01 -0.789543E-02  0.148684E+00
     281  0.166685E+00  0.299767E+01  0.233732E-01  0.584054E-01
     282  0.204392E+00  0.302211E+01  0.261230E-01  0.323628E-01
     283  0.212122E+00  0.310103E+01  0.164827E-02  0.662490E-01
     284  0.182031E+00  0.313905E+01 -0.339200E-02  0.573536E-01
     285  0.116939E+00  0.312819E+01 -0.312481E-01  0.154784E-02
     286  0.541694E-01  0.317744E+01 -0.518543E-01  0.102624E-01
     287  0.463092E-02  0.322334E+01 -0.506839E-01  0.378147E-01
     288  0.625183E+01  0.323941E+01  0.621683E+01  0.571521E-02
     289  0.622880E+01  0.326906E+01  0.620070E+01 -0.177988E-01
     290  0.619383E+01  0.326752E+01 -0.760554E-01 -0.324307E-01
     291  0.616618E+01  0.317011E+01 -0.810104E-01 -0.851129E-01
     292  0.616382E+01  0.308504E+01 -0.644086E-01 -0.122399E+00
     293  0.618616E+01  0.316628E+01  0.745997E-02 -0.213019E-01
     294  0.619319E+01  0.325699E+01  0.689797E-01  0.700036E-01
     295  0.620185E+01  0.324610E+01  0.100568E+00  0.247646E-01
     296  0.621354E+01  0.322324E+01  0.832912E-01 -0.419812E-01
     297  0.620608E+01  0.329565E+01  0.117363E+00 -0.314299E-02
     298  0.615702E+01  0.335774E+01  0.731140E-01  0.864697E-02
     299  0.611740E+01  0.339134E+01  0.158021E-01 -0.189590E-01
     300  0.609840E+01  0.342643E+01 -0.883074E-02 -0.492967E-01
     301  0.611307E+01  0.350349E+01 -0.161979E-01 -0.276329E-01
     302  0.614344E+01  0.353464E+01 -0.147847E-01 -0.388966E-01
     303  0.615655E+01  0.357279E+01 -0.449844E-02 -0.539939E-01
     304  0.614985E+01  0.363748E+01  0.264469E-02 -0.525364E-01
     305  0.617135E+01  0.369909E+01  0.219259E-01 -0.559416E-01
     306  0.621612E+01  0.370918E+01  0.792721E-01 -0.109050E+00
     307  0.624548E+01  0.376172E+01  0.123892E+00 -0.116509E+00
     308  0.624000E+01  0.387041E+01  0.990980E-01 -0.526036E-01
     309  0.623299E+01  0.392736E+01  0.469320E-01 -0.176350E-01
     310  0.625324E+01  0.388860E+01  0.367235E-01 -0.938359E-01
     311  0.625752E+01  0.388646E+01  0.494664E-01 -0.151202E+00
     312  0.623148E+01  0.399235E+01  0.310812E-01 -0.988952E-01
     313  0.619915E+01  0.411185E+01 -0.196482E-01 -0.284969E-01
     314  0.621364E+01  0.412005E+01 -0.429450E-01 -0.516697E-01
     315  0.626090E+01  0.406200E+01  0.625026E+01 -0.141830E+00
     316  0.207010E-01  0.411405E+01 -0.248887E-01 -0.125315E+00
     317  0.348388E-01  0.422088E+01 -0.549769E-01 -0.269718E-01
     318  0.775335E-01  0.419235E+01 -0.619365E-01 -0.311141E-01
     319  0.162302E+00  0.403107E+01 -0.238274E-01 -0.170584E+00
     320  0.236586E+00  0.393396E+01  0.214281E-01 -0.224656E+00
     321  0.237492E+00  0.389139E+01  0.118238E-01 -0.203024E+00
     322  0.210594E+00  0.384916E+01 -0.386039E-01 -0.186221E+00
     323  0.214619E+00  0.381152E+01 -0.643036E-01 -0.168720E+00
     324  0.288953E+00  0.380842E+01 -0.259909E-02 -0.108779E+00
     325  0.349395E+00  0.378959E+01  0.597747E-01 -0.633692E-01
     326  0.353337E+00  0.369001E+01  0.434715E-01 -0.103768E+00
     327  0.328876E+00  0.358404E+01 -0.253581E-01 -0.172293E+00
     328  0.338746E+00  0.358022E+01 -0.665313E-01 -0.151609E+00
     329  0.345534E+00  0.354678E+01 -0.102068E+00 -0.143782E+00
     330  0.334635E+00  0.344395E+01 -0.140274E+00 -0.190095E+00
     331  0.297137E+00  0.338733E+01 -0.190272E+00 -0.183207E+00
     332  0.266727E+00  0.344258E+01 -0.213393E+00 -0.634571E-01
     333  0.258333E+00  0.343558E+01 -0.193343E+00 -0.144641E-01
     334  0.290202E+00  0.331728E+01 -0.123722E+00 -0.888142E-01
     335  0.324762E+00  0.320252E+01 -0.619341E-01 -0.160291E+00
     336  0.355402E+00  0.320127E+01 -0.377930E-01 -0.102877E+00
     337  0.370206E+00  0.322327E+01 -0.624990E-01 -0.367761E-01
     338  0.375792E+00  0.323442E+01 -0.110883E+00 -0.155191E-01
     339  0.383749E+00  0.327245E+01 -0.157110E+00  0.996902E-02
     340  0.399680E+00  0.332199E+01 -0.192276E+00  0.367527E-01
     341  0.409722E+00  0.333669E+01 -0.203959E+00  0.576623E-02
     342  0.402184E+00  0.336876E+01 -0.183579E+00 -0.164462E-01
     343  0.389373E+00  0.343390E+01 -0.167775E+00 -0.126943E-03
     344  0.398118E+00  0.347820E+01 -0.156162E+00 -0.103920E-01
     345  0.426548E+00  0.350889E+01 -0.129208E+00 -0.349335E-01
     346  0.436689E+00  0.354258E+01 -0.111255E+00 -0.590237E-01
     347  0.409233E+00  0.359513E+01 -0.131028E+00 -0.614152E-01
     348  0.358922E+00  0.365148E+01 -0.170721E+00 -0.589627E-01
     349  0.333834E+00  0.370844E+01 -0.174645E+00 -0.502368E-01
     350  0.331904E+00  0.373755E+01 -0.143314E+00 -0.546237E-01
     351  0.329632E+00  0.376708E+01 -0.101410E+00 -0.574777E-01
     352  0.301723E+00  0.378021E+01 -0.880724E-01 -0.783100E-01
     353  0.263921E+00  0.378337E+01 -0.917524E-01 -0.110054E+00
     354  0.227922E+00  0.376048E+01 -0.813811E-01 -0.157034E+00
     355  0.202576E+00  0.374255E+01 -0.520380E-01 -0.173555E+00
     356  0.159923E+00  0.371486E+01 -0.688852E-01 -0.159900E+00
     357  0.125824E+00  0.366138E+01 -0.118458E+00 -0.151560E+00
     358  0.112296E+00  0.356787E+01 -0.135836E+00 -0.180057E+00
     359  0.137154E+00  0.349443E+01 -0.110072E+00 -0.188221E+00
     360  0.167606E+00  0.345850E+01 -0.841334E-01 -0.158796E+00
     361  0.213485E+00  0.342592E+01 -0.572553E-01 -0.130331E+00
     362  0.243297E+00  0.336134E+01 -0.506330E-01 -0.135735E+00
     363  0.255453E+00  0.331389E+01 -0.527695E-01 -0.120493E+00
     364  0.240354E+00  0.329589E+01 -0.546394E-01 -0.759114E-01
     365  0.232313E+00  0.325453E+01 -0.380858E-01 -0.612689E-01
     366  0.229211E+00  0.317599E+01 -0.519217E-01 -0.865884E-01
     367  0.235737E+00  0.309653E+01 -0.540082E-01 -0.109323E+00
     368  0.223186E+00  0.309107E+01 -0.869515E-01 -0.541793E-01
     369  0.212865E+00  0.313302E+01 -0.144541E+00  0.189452E-01
     370  0.195962E+00  0.309039E+01 -0.182273E+00  0.219900E-01
     371  0.190997E+00  0.294559E+01 -0.183951E+00 -0.588608E-01
     372  0.214092E+00  0.289733E+01 -0.176407E+00 -0.441307E-01
     373  0.252415E+00  0.293011E+01 -0.116978E+00  0.485645E-01
     374  0.280004E+00  0.289612E+01 -0.809076E-01  0.657743E-01
     375  0.301117E+00  0.282805E+01 -0.962446E-01  0.447223E-01
     376  0.341199E+00  0.282753E+01 -0.886087E-01  0.974173E-01
     377  0.350685E+00  0.280885E+01 -0.112149E+00  0.123264E+00
     378  0.339215E+00  0.277438E+01 -0.165999E+00  0.108653E+00
     379  0.324702E+00  0.283434E+01 -0.222820E+00  0.151120E+00
     380  0.346967E+00  0.293470E+01 -0.210592E+00  0.198689E+00
     381  0.362348E+00  0.295362E+01 -0.193801E+00  0.152216E+00
     382  0.373029E+00  0.297984E+01 -0.196405E+00  0.115226E+00
     383  0.359963E+00  0.305246E+01 -0.208311E+00  0.122913E+00
     384  0.343272E+00  0.308434E+01 -0.204126E+00  0.942790E-01
     385  0.340157E+00  0.307110E+01 -0.189999E+00  0.192094E-01
     386  0.377269E+00  0.312953E+01 -0.176314E+00  0.262199E-01
     387  0.433511E+00  0.321138E+01 -0.170549E+00  0.906349E-01
     388  0.456438E+00  0.322777E+01 -0.190995E+00  0.907187E-01
     389  0.438918E+00  0.320288E+01 -0.223419E+00  0.150821E-01
     390  0.416741E+00  0.325284E+01 -0.227645E+00  0.433878E-02
     391  0.428182E+00  0.335148E+01 -0.192295E+00  0.442225E-01
     392  0.436289E+00  0.340089E+01 -0.156863E+00  0.373672E-01
     393  0.433834E+00  0.340543E+01 -0.137709E+00 -0.116168E-01
     394  0.409043E+00  0.345159E+01 -0.155946E+00 -0.192925E-01
     395  0.391317E+00  0.350785E+01 -0.190927E+00 -0.141897E-01
     396  0.389906E+00  0.352271E+01 -0.218882E+00 -0.415257E-01
     397  0.431252E+00  0.355911E+01 -0.198672E+00 -0.542425E-01
     398  0.450739E+00  0.362930E+01 -0.165152E+00 -0.391753E-01
     399  0.425076E+00  0.366350E+01 -0.147255E+00 -0.451983E-01
     400  0.380864E+00  0.367789E+01 -0.150414E+00 -0.688130E-01
     401  0.404906E+00  0.375010E+01 -0.117333E+00 -0.482723E-01
     402  0.473987E+00  0.380373E+01 -0.702988E-01 -0.371281E-01
     403  0.518832E+00  0.382220E+01 -0.534871E-01 -0.611718E-01
     404  0.483172E+00  0.384354E+01 -0.117263E+00 -0.838989E-01
     405  0.430486E+00  0.394553E+01 -0.197198E+00 -0.258479E-01
     406  0.415273E+00  0.404547E+01 -0.194945E+00  0.248623E-01
     407  0.449705E+00  0.403238E+01 -0.108127E+00 -0.939509E-02
     408  0.464145E+00  0.392813E+01 -0.418324E-01 -0.136786E+00
     409  0.420115E+00  0.394114E+01 -0.325171E-01 -0.140134E+00
     410  0.323487E+00  0.401111E+01 -0.800052E-01 -0.558487E-01
     411  0.249153E+00  0.397881E+01 -0.127136E+00 -0.443992E-01
     412  0.246198E+00  0.381239E+01 -0.117526E+00 -0.158905E+00
     413  0.318437E+00  0.373580E+01 -0.722650E-01 -0.188901E+00
     414  0.375283E+00  0.372131E+01 -0.400957E-01 -0.147444E+00
     415  0.357803E+00  0.365637E+01 -0.643292E-01 -0.147915E+00
     416  0.315756E+00  0.354795E+01 -0.137939E+00 -0.203339E+00
     417  0.324010E+00  0.353622E+01 -0.164796E+00 -0.164944E+00
     418  0.367599E+00  0.353634E+01 -0.138784E+00 -0.104284E+00
     419  0.375561E+00  0.346878E+01 -0.107563E+00 -0.119280E+00
     420  0.322942E+00  0.342016E+01 -0.113184E+00 -0.133262E+00
     421  0.269557E+00  0.344172E+01 -0.124226E+00 -0.691590E-01
     422  0.262257E+00  0.340078E+01 -0.873798E-01 -0.704731E-01
     423  0.260911E+00  0.329451E+01 -0.302508E-01 -0.136027E+00
     424  0.224534E+00  0.325617E+01 -0.272638E-01 -0.123861E+00
     425  0.157807E+00  0.324929E+01 -0.123858E+00 -0.713345E-01
     426  0.972220E-01  0.318519E+01 -0.192148E+00 -0.721998E-01
     427  0.636070E-01  0.309799E+01 -0.178274E+00 -0.107169E+00
     428  0.596422E-01  0.312574E+01 -0.124217E+00 -0.340988E-01
     429  0.546530E-01  0.314185E+01 -0.737018E-01  0.291303E-01
     430  0.347788E-01  0.310510E+01 -0.275148E-01  0.168561E-01
     431  0.523398E-03  0.307686E+01 -0.634104E-04 -0.253628E-01
     432  0.628033E+01  0.317523E+01  0.627481E+01  0.190591E-01
     433  0.319633E-01  0.326325E+01 -0.141411E-01  0.516070E-01
     434  0.863778E-01  0.327898E+01 -0.118271E-02  0.216003E-01
     435  0.102164E+00  0.327830E+01 -0.168148E-01 -0.262585E-01
     436  0.714740E-01  0.338448E+01 -0.314576E-01  0.237926E-01
     437  0.331050E-01  0.346853E+01 -0.659359E-01  0.425495E-01
     438  0.515508E-01  0.343025E+01 -0.379823E-01 -0.604677E-01
     439  0.920384E-01  0.342742E+01  0.422275E-01 -0.120575E+00
     440  0.101561E+00  0.356053E+01  0.655057E-01 -0.384374E-01
     441  0.820280E-01  0.360791E+01 -0.118568E-01 -0.157326E-01
     442  0.527114E-01  0.357163E+01 -0.483032E-01 -0.104586E+00
     443  0.113865E-01  0.362727E+01 -0.371319E-01 -0.972093E-01
     444  0.626897E+01  0.374469E+01  0.624339E+01 -0.312286E-01
     445  0.628001E+01  0.378049E+01  0.624463E+01 -0.507803E-01
     446  0.281455E-01  0.376202E+01 -0.240434E-01 -0.132252E+00
     447  0.460321E-01  0.384402E+01 -0.198501E-01 -0.110091E+00
     448  0.623021E-01  0.396194E+01 -0.333598E-01 -0.404375E-01
     449  0.112311E+00  0.398981E+01 -0.372012E-01 -0.451173E-01
     450  0.180721E+00  0.395367E+01  0.247995E-03 -0.127619E+00
     451  0.217929E+00  0.404903E+01  0.364525E-01 -0.864551E-01
     452  0.210764E+00  0.419096E+01  0.204503E-01 -0.126231E-03
     453  0.221243E+00  0.428895E+01  0.160317E-02  0.406193E-01
     454  0.280652E+00  0.428946E+01  0.285393E-01 -0.181457E-01
     455  0.353560E+00  0.435235E+01  0.745812E-01 -0.163688E-01
     456  0.402180E+00  0.449791E+01  0.842834E-01  0.783386E-01
     457  0.436683E+00  0.462332E+01  0.564469E-01  0.164612E+00
     458  0.477579E+00  0.467944E+01  0.372498E-01  0.177506E+00
     459  0.529966E+00  0.476396E+01  0.508352E-01  0.205218E+00
     460  0.569399E+00  0.491016E+01  0.647126E-01  0.289472E+00
     461  0.540636E+00  0.498861E+01  0.123957E-01  0.305273E+00
     462  0.489369E+00  0.494578E+01 -0.584878E-01  0.198726E+00
     463  0.483776E+00  0.495253E+01 -0.683840E-01  0.140185E+00
     464  0.480687E+00  0.502854E+01 -0.555175E-01  0.152148E+00
     465  0.462506E+00  0.505037E+01 -0.471483E-01  0.112101E+00
     466  0.466872E+00  0.507116E+01 -0.138103E-01  0.716296E-01
     467  0.503766E+00  0.517154E+01  0.537261E-01  0.111171E+00
     468  0.526619E+00  0.528802E+01  0.959524E-01  0.166811E+00
     469  0.520266E+00  0.535032E+01  0.763850E-01  0.165045E+00
     470  0.521239E+00  0.540549E+01  0.427830E-01  0.161044E+00
     471  0.523448E+00  0.543593E+01  0.109275E-01  0.132423E+00
     472  0.501666E+00  0.543163E+01 -0.373014E-01  0.664016E-01
     473  0.482264E+00  0.548185E+01 -0.704442E-01  0.523317E-01
     474  0.468255E+00  0.559173E+01 -0.736209E-01  0.100196E+00
     475  0.443197E+00  0.565254E+01 -0.631436E-01  0.101893E+00
     476  0.403213E+00  0.567493E+01 -0.607355E-01  0.692365E-01
     477  0.355277E+00  0.574312E+01 -0.653069E-01  0.823909E-01
     478  0.319090E+00  0.583515E+01 -0.542464E-01  0.121372E+00
     479  0.306417E+00  0.592424E+01 -0.196345E-01  0.158337E+00
     480  0.294245E+00  0.593916E+01  0.593390E-02  0.115556E+00
     481  0.289200E+00  0.587041E+01  0.200862E-01 -0.161224E-01
     482  0.310951E+00  0.588054E+01  0.470786E-01 -0.723281E-01
     483  0.334423E+00  0.601498E+01  0.626625E-01  0.704338E-02
     484  0.333658E+00  0.611818E+01  0.266768E-01  0.625317E-01
     485  0.372360E+00  0.615931E+01  0.120927E-01  0.583480E-01
     486  0.417584E+00  0.620821E+01  0.122956E-01  0.543410E-01
     487  0.404442E+00  0.629619E+01 -0.314624E-01  0.859468E-01
     488  0.436907E+00  0.636307E+01 -0.213533E-01  0.916775E-01
     489  0.461554E+00  0.644940E+01  0.141317E-02  0.113172E+00
     490  0.430339E+00  0.646216E+01 -0.232000E-01  0.606263E-01
     491  0.456337E+00  0.642527E+01  0.499964E-02 -0.419991E-01
     492  0.487807E+00  0.645014E+01  0.467465E-01 -0.821482E-01
     493  0.464889E+00  0.658056E+01  0.293346E-01 -0.608223E-02
     494  0.496033E+00  0.667254E+01  0.406155E-01  0.332732E-01
     495  0.578285E+00  0.670552E+01  0.923688E-01  0.131705E-01
     496  0.589860E+00  0.671187E+01  0.618938E-01 -0.334014E-01
     497  0.656672E+00  0.676058E+01  0.658539E-01 -0.232393E-01
     498  0.745541E+00  0.679455E+01  0.858539E-01 -0.763610E-02
     499  0.797892E+00  0.685840E+01  0.629561E-01  0.509442E-01
     500  0.867379E+00  0.685449E+01  0.523407E-01  0.437449E-01
     501  0.917451E+00  0.679070E+01  0.245255E-01 -0.357747E-01
     502  0.982621E+00  0.672941E+01  0.147640E-01 -0.121134E+00
     503  0.106697E+01  0.675098E+01  0.327163E-01 -0.106026E+00
     504  0.113976E+01  0.674011E+01  0.418190E-01 -0.883511E-01
     505  0.124620E+01  0.672382E+01  0.850701E-01 -0.639838E-01
     506  0.134098E+01  0.666368E+01  0.125034E+00 -0.772019E-01
     507  0.138621E+01  0.661207E+01  0.110540E+00 -0.851588E-01
     508  0.140808E+01  0.656357E+01  0.664044E-01 -0.965007E-01
     509  0.149784E+01  0.661093E+01  0.919167E-01 -0.102295E-01
     510  0.156899E+01  0.659494E+01  0.104675E+00  0.187355E-01
     511  0.159129E+01  0.651950E+01  0.571924E-01 -0.249180E-01
     512  0.164029E+01  0.644685E+01  0.278822E-01 -0.834824E-01
     513  0.173059E+01  0.646072E+01  0.436700E-01 -0.507192E-01
     514  0.178594E+01  0.645133E+01  0.401765E-01 -0.220475E-01
     515  0.180607E+01  0.646252E+01  0.265028E-02  0.349278E-01
     516  0.182049E+01  0.640011E+01 -0.371991E-01  0.121417E-01
     517  0.184818E+01  0.633464E+01 -0.632434E-01 -0.202768E-01
     518  0.189506E+01  0.634422E+01 -0.597274E-01  0.306484E-01
     519  0.192618E+01  0.638567E+01 -0.369021E-01  0.125824E+00
     520  0.191037E+01  0.627232E+01 -0.303718E-01  0.636564E-01
     521  0.187913E+01  0.614755E+01 -0.173939E-01 -0.199622E-01
     522  0.183056E+01  0.607531E+01 -0.101212E-01 -0.610715E-01
     523  0.176303E+01  0.611245E+01 -0.345045E-01  0.119293E-01
     524  0.169881E+01  0.613846E+01 -0.678181E-01  0.826290E-01
     525  0.165240E+01  0.611779E+01 -0.692148E-01  0.102583E+00
     526  0.160973E+01  0.603571E+01 -0.472281E-01  0.279867E-01
     527  0.155246E+01  0.602719E+01 -0.282742E-01 -0.307841E-03
     528  0.148690E+01  0.607975E+01 -0.213336E-01  0.339732E-01
     529  0.140116E+01  0.615612E+01 -0.417474E-01  0.948836E-01
     530  0.126073E+01  0.615460E+01 -0.121238E+00  0.672550E-01
     531  0.114255E+01  0.617079E+01 -0.180543E+00  0.401776E-01
     532  0.109266E+01  0.616925E+01 -0.163216E+00  0.318523E-02
     533  0.103910E+01  0.618998E+01 -0.140088E+00  0.486820E-02
     534  0.928016E+00  0.621903E+01 -0.171892E+00  0.262101E-01
     535  0.885569E+00  0.626927E+01 -0.134134E+00  0.719693E-01
     536  0.878714E+00  0.622358E+01 -0.616696E-01  0.172326E-01
     537  0.778143E+00  0.623184E+01 -0.858782E-01  0.643929E-02
     538  0.651036E+00  0.626825E+01 -0.133113E+00  0.234079E-01
     539  0.661613E+00  0.628385E+01 -0.464631E-01  0.249605E-01
     540  0.704526E+00  0.623265E+01  0.604556E-01 -0.435341E-01
     541  0.670474E+00  0.628130E+01  0.494567E-01 -0.434200E-01
     542  0.713472E+00  0.633581E+01  0.443909E-01 -0.408825E-01
     543  0.812757E+00  0.642573E+01  0.924229E-01 -0.417178E-02
     544  0.837273E+00  0.654486E+01  0.684839E-01  0.647917E-01
     545  0.828004E+00  0.665148E+01 -0.164899E-02  0.129017E+00
     546  0.902706E+00  0.657100E+01  0.143224E-01  0.491137E-02
     547  0.958525E+00  0.655121E+01  0.360742E-01 -0.653424E-01
     548  0.925255E+00  0.670310E+01 -0.233580E-01  0.361212E-01
     549  0.103280E+01  0.682009E+01  0.385137E-01  0.113955E+00
     550  0.116527E+01  0.672405E+01  0.969753E-01  0.689841E-02
     551  0.124140E+01  0.666436E+01  0.933782E-01 -0.620497E-01
     552  0.127835E+01  0.662416E+01  0.513521E-01 -0.103816E+00
     553  0.135767E+01  0.657514E+01  0.530008E-01 -0.137341E+00
     554  0.148947E+01  0.657057E+01  0.116232E+00 -0.108216E+00
     555  0.154854E+01  0.665000E+01  0.118470E+00  0.171193E-01
     556  0.151176E+01  0.659234E+01  0.193598E-01 -0.163178E-03
     557  0.159027E+01  0.653079E+01  0.250779E-01 -0.428067E-01
     558  0.178514E+01  0.655769E+01  0.153625E+00 -0.588446E-02
     559  0.188149E+01  0.658101E+01  0.176362E+00  0.287045E-01
     560  0.185656E+01  0.654788E+01  0.715060E-01 -0.949295E-02
     561  0.186693E+01  0.660625E+01  0.350210E-02  0.344242E-01
     562  0.194244E+01  0.659504E+01  0.209657E-02  0.895131E-02
     563  0.204797E+01  0.661467E+01  0.409498E-01  0.185242E-02
     564  0.213712E+01  0.674028E+01  0.745987E-01  0.963586E-01
     565  0.218581E+01  0.679975E+01  0.641922E-01  0.126278E+00
     566  0.226923E+01  0.674215E+01  0.881404E-01  0.249272E-01
     567  0.239502E+01  0.680267E+01  0.165199E+00  0.341485E-01
     568  0.248117E+01  0.686896E+01  0.187722E+00  0.609508E-01
     569  0.251087E+01  0.688027E+01  0.142126E+00  0.499850E-01
     570  0.252767E+01  0.694517E+01  0.820010E-01  0.959748E-01
     571  0.256949E+01  0.696985E+01  0.481697E-01  0.995036E-01
     572  0.264473E+01  0.688327E+01  0.570070E-01 -0.238215E-01
     573  0.273367E+01  0.695005E+01  0.909089E-01 -0.349852E-02
     574  0.281148E+01  0.707036E+01  0.101779E+00  0.842714E-01
     575  0.287990E+01  0.704743E+01  0.946017E-01  0.391905E-01
     576  0.294451E+01  0.705269E+01  0.889436E-01  0.138179E-01
     577  0.300020E+01  0.711885E+01  0.729892E-01  0.515821E-01
     578  0.305814E+01  0.707212E+01  0.562958E-01 -0.181755E-01
     579  0.313846E+01  0.711571E+01  0.646685E-01 -0.236207E-02
     580  0.322220E+01  0.724430E+01  0.780640E-01  0.109311E+00
     581  0.328066E+01  0.718018E+01  0.603686E-01  0.305225E-01
     582  0.331409E+01  0.711044E+01  0.260477E-01 -0.730667E-01
     583  0.336135E+01  0.718480E+01  0.865894E-02 -0.287938E-01
     584  0.347048E+01  0.718836E+01  0.513087E-01 -0.297766E-01
     585  0.360779E+01  0.715397E+01  0.114687E+00 -0.570450E-01
     586  0.368374E+01  0.720680E+01  0.112121E+00  0.844264E-02
     587  0.371058E+01  0.715832E+01  0.621785E-01 -0.216577E-01
     588  0.375724E+01  0.704411E+01  0.308895E-01 -0.126949E+00
     589  0.381379E+01  0.710189E+01  0.146476E-01 -0.542483E-01
     590  0.386506E+01  0.711801E+01  0.644044E-02  0.563113E-02
     591  0.387729E+01  0.695942E+01 -0.299107E-01 -0.103408E+00
     592  0.388475E+01  0.690788E+01 -0.604949E-01 -0.108878E+00
     593  0.392870E+01  0.694911E+01 -0.255847E-01 -0.520392E-02
     594  0.397266E+01  0.684767E+01  0.372279E-01 -0.442202E-01
     595  0.392013E+01  0.679486E+01  0.360179E-02 -0.388467E-01
     596  0.385087E+01  0.677295E+01 -0.695205E-01 -0.320761E-02
     597  0.387931E+01  0.667746E+01 -0.437232E-01 -0.400294E-01
     598  0.394452E+01  0.662725E+01  0.485729E-01 -0.305483E-01
     599  0.394143E+01  0.666821E+01  0.733266E-01  0.716858E-01
     600  0.390048E+01  0.656987E+01  0.261455E-01  0.301693E-01
     601  0.390405E+01  0.653070E+01 -0.125877E-01  0.301406E-01
     602  0.397537E+01  0.652792E+01  0.142041E-01  0.675050E-01
     603  0.408970E+01  0.640879E+01  0.721450E-01  0.904453E-02
     604  0.416187E+01  0.633372E+01  0.847939E-01 -0.269813E-01
     605  0.419321E+01  0.643379E+01  0.387155E-01  0.948375E-01
     606  0.425559E+01  0.640812E+01  0.250227E-01  0.829107E-01
     607  0.435308E+01  0.638414E+01  0.477110E-01  0.424788E-01
     608  0.444872E+01  0.641037E+01  0.653614E-01  0.363767E-01
     609  0.455595E+01  0.642042E+01  0.950283E-01  0.136119E-01
     610  0.461957E+01  0.644361E+01  0.822408E-01  0.625821E-02
     611  0.466044E+01  0.655936E+01  0.437703E-01  0.100325E+00
     612  0.480290E+01  0.653498E+01  0.105941E+00  0.584305E-01
     613  0.496203E+01  0.648836E+01  0.187220E+00 -0.234326E-01
     614  0.499775E+01  0.651078E+01  0.144342E+00 -0.263432E-01
     615  0.501995E+01  0.654297E+01  0.861939E-01  0.480137E-02
     616  0.517473E+01  0.650185E+01  0.161208E+00 -0.312621E-01
     617  0.526226E+01  0.654973E+01  0.168485E+00  0.197935E-01
     618  0.525290E+01  0.649782E+01  0.790624E-01 -0.269527E-01
     619  0.534297E+01  0.642658E+01  0.894794E-01 -0.992636E-01
     620  0.545277E+01  0.644840E+01  0.119168E+00 -0.699542E-01
     621  0.543232E+01  0.652153E+01  0.204508E-01  0.295500E-01
     622  0.549203E+01  0.640199E+01  0.147145E-02 -0.677682E-01
     623  0.562161E+01  0.639088E+01  0.580322E-01 -0.703787E-01
     624  0.566392E+01  0.639483E+01  0.336807E-01 -0.398069E-01
     625  0.572866E+01  0.631235E+01  0.262714E-01 -0.808692E-01
     626  0.584602E+01  0.623682E+01  0.766885E-01 -0.116836E+00
     627  0.590235E+01  0.628711E+01  0.750428E-01 -0.126063E-01
     628  0.597753E+01  0.616123E+01  0.822201E-01 -0.722405E-01
     629  0.609046E+01  0.605828E+01  0.117798E+00 -0.124055E+00
     630  0.614851E+01  0.609249E+01  0.101503E+00 -0.410186E-01
     631  0.620767E+01  0.611060E+01  0.866882E-01  0.265074E-01
     632  0.331214E-01  0.598871E+01 -0.616540E+01 -0.635935E-01
     633  0.101492E+00  0.599358E+01 -0.617672E+01 -0.460169E-01
     634  0.120756E+00  0.599217E+01  0.467804E-01 -0.290395E-01
     635  0.198019E+00  0.593715E+01  0.454900E-01 -0.630471E-01
     636  0.283277E+00  0.593898E+01  0.626448E-01 -0.414144E-01
     637  0.316186E+00  0.603293E+01  0.310297E-01  0.871403E-01
     638  0.368539E+00  0.591560E+01  0.180870E-01  0.522041E-02
     639  0.499169E+00  0.583610E+01  0.747548E-01 -0.703318E-01
     640  0.585632E+00  0.590606E+01  0.812364E-01 -0.146700E-02
     641  0.608950E+00  0.597002E+01  0.247450E-01  0.742042E-01
     642  0.705074E+00  0.590092E+01  0.413640E-01  0.798125E-02
     643  0.860161E+00  0.590219E+01  0.120728E+00 -0.869637E-02
     644  0.925546E+00  0.591147E+01  0.106377E+00 -0.155164E-01
     645  0.945986E+00  0.591538E+01  0.468078E-01 -0.145589E-01
     646  0.106634E+01  0.595783E+01  0.861872E-01  0.355776E-01
     647  0.118392E+01  0.598071E+01  0.124145E+00  0.734714E-01
     648  0.118059E+01  0.587685E+01  0.408950E-01 -0.274334E-01
     649  0.118072E+01  0.589835E+01 -0.389803E-01 -0.149221E-01
     650  0.126835E+01  0.599302E+01 -0.238210E-01  0.869176E-01
     651  0.137210E+01  0.596471E+01  0.144224E-01  0.812945E-01
     652  0.142426E+01  0.589411E+01 -0.693387E-03  0.136274E-01
     653  0.143326E+01  0.592739E+01 -0.550486E-01  0.296998E-01
     654  0.146657E+01  0.595579E+01 -0.885018E-01  0.441816E-01
     655  0.157568E+01  0.606059E+01 -0.438716E-01  0.121623E+00
     656  0.164973E+01  0.621760E+01  0.155915E-01  0.184649E+00
     657  0.158068E+01  0.626459E+01 -0.262354E-02  0.136807E+00
     658  0.154979E+01  0.631137E+01 -0.339866E-01  0.575116E-01
     659  0.164846E+01  0.650625E+01  0.634211E-01  0.125417E+00
     660  0.164222E+01  0.662505E+01  0.964742E-01  0.133147E+00
     661  0.153541E+01  0.670462E+01  0.986575E-02  0.105617E+00
     662  0.155509E+01  0.685981E+01  0.129717E-02  0.143780E+00
     663  0.168457E+01  0.689896E+01  0.100699E+00  0.627005E-01
     664  0.171455E+01  0.691143E+01  0.998985E-01 -0.448846E-01
     665  0.168503E+01  0.707399E+01  0.123847E-01  0.325780E-01
     666  0.175207E+01  0.715177E+01  0.177421E-02  0.696729E-01
     667  0.186767E+01  0.708032E+01  0.493419E-01 -0.392808E-01
     668  0.191785E+01  0.712667E+01  0.401241E-01 -0.384515E-01
     669  0.192020E+01  0.721523E+01 -0.234586E-01  0.270557E-01
     670  0.201368E+01  0.716728E+01 -0.158738E-02 -0.255072E-01
     671  0.220689E+01  0.716274E+01  0.121520E+00 -0.396101E-01
     672  0.227749E+01  0.719423E+01  0.124816E+00 -0.989061E-02
     673  0.227882E+01  0.712647E+01  0.461190E-01 -0.693936E-01
     674  0.235658E+01  0.709085E+01  0.441451E-01 -0.974932E-01
     675  0.251022E+01  0.711854E+01  0.118885E+00 -0.475315E-01
     676  0.265748E+01  0.708108E+01  0.188834E+00 -0.506452E-01
     677  0.275072E+01  0.703944E+01  0.202750E+00 -0.710975E-01
     678  0.278794E+01  0.708383E+01  0.160110E+00 -0.147627E-01
     679  0.283062E+01  0.708175E+01  0.122805E+00 -0.552332E-02
     680  0.293087E+01  0.708281E+01  0.142703E+00 -0.231240E-02
     681  0.304661E+01  0.715034E+01  0.177983E+00  0.637674E-01
     682  0.309437E+01  0.712768E+01  0.145468E+00  0.377903E-01
     683  0.305997E+01  0.703094E+01  0.315491E-01 -0.732073E-01
     684  0.302964E+01  0.707531E+01 -0.790089E-01 -0.408528E-01
     685  0.309803E+01  0.710539E+01 -0.915508E-01  0.216100E-02
     686  0.324831E+01  0.704269E+01 -0.437371E-02 -0.224507E-01
     687  0.335754E+01  0.698219E+01  0.663447E-01  0.443881E-02
     688  0.337067E+01  0.689775E+01  0.552567E-01  0.187867E-01
     689  0.338270E+01  0.674958E+01  0.135396E-01 -0.585893E-01
     690  0.347314E+01  0.674736E+01  0.393789E-01 -0.149722E-01
     691  0.362433E+01  0.677305E+01  0.132061E+00  0.603955E-01
     692  0.375492E+01  0.672082E+01  0.194448E+00  0.556254E-01
     693  0.382163E+01  0.669334E+01  0.181210E+00  0.377399E-01
     694  0.380322E+01  0.675427E+01  0.827949E-01  0.873975E-01
     695  0.382577E+01  0.672366E+01  0.251478E-01  0.390393E-01
     696  0.392361E+01  0.676659E+01  0.495422E-01  0.539436E-01
     697  0.402160E+01  0.681886E+01  0.814007E-01  0.875317E-01
     698  0.406529E+01  0.677260E+01  0.549742E-01  0.244027E-01
     699  0.406145E+01  0.677145E+01 -0.281556E-01  0.112758E-02
     700  0.406510E+01  0.685374E+01 -0.104116E+00  0.635538E-01
     701  0.417568E+01  0.682217E+01 -0.721540E-01 -0.417366E-02
     702  0.431000E+01  0.685028E+01 -0.201164E-03 -0.419077E-01
     703  0.437558E+01  0.698516E+01  0.145785E-01  0.212752E-01
     704  0.442793E+01  0.707345E+01  0.112945E-01  0.484289E-01
     705  0.452440E+01  0.709422E+01  0.519484E-01  0.131125E-01
     706  0.458481E+01  0.718693E+01  0.561426E-01  0.412986E-01
     707  0.464146E+01  0.716477E+01  0.560577E-01 -0.318665E-01
     708  0.471804E+01  0.711338E+01  0.692647E-01 -0.127593E+00
     709  0.481437E+01  0.715709E+01  0.974469E-01 -0.103566E+00
     710  0.493056E+01  0.721948E+01  0.136728E+00 -0.182543E-01
     711  0.501375E+01  0.715864E+01  0.142054E+00 -0.464278E-01
     712  0.504630E+01  0.715037E+01  0.951453E-01 -0.378803E-01
     713  0.515257E+01  0.711609E+01  0.121838E+00 -0.557771E-01
     714  0.523069E+01  0.703478E+01  0.120793E+00 -0.118579E+00
     715  0.523195E+01  0.696822E+01  0.427506E-01 -0.164353E+00
     716  0.530293E+01  0.700076E+01  0.373331E-01 -0.948025E-01
     717  0.540159E+01  0.693108E+01  0.627304E-01 -0.111515E+00
     718  0.544367E+01  0.687599E+01  0.287147E-01 -0.125809E+00
     719  0.551353E+01  0.686467E+01  0.217308E-01 -0.103906E+00
     720  0.562788E+01  0.684639E+01  0.672573E-01 -0.753259E-01
     721  0.563605E+01  0.672831E+01  0.101931E-01 -0.139124E+00
     722  0.574083E+01  0.670189E+01  0.403215E-01 -0.121864E+00
     723  0.585880E+01  0.669737E+01  0.906200E-01 -0.655240E-01
     724  0.590300E+01  0.662724E+01  0.685185E-01 -0.641403E-01
     725  0.601643E+01  0.654013E+01  0.108007E+00 -0.103214E+00
     726  0.613089E+01  0.655113E+01  0.145605E+00 -0.540254E-01
     727  0.619992E+01  0.647809E+01  0.136933E+00 -0.941903E-01
     728  0.625277E+01  0.643587E+01  0.110023E+00 -0.122560E+00
     729  0.531505E-01  0.645680E+01 -0.616921E+01 -0.886755E-01
     730  0.869527E-01  0.650162E+01  0.685121E-01 -0.232164E-01
     731  0.150445E+00  0.645181E+01  0.523262E-01 -0.584338E-01
     732  0.253986E+00  0.648836E+01  0.756672E-01 -0.141789E-01
     733  0.281418E+00  0.650417E+01  0.330620E-01  0.182766E-01
     734  0.340035E+00  0.644413E+01  0.250314E-01 -0.301822E-01
     735  0.460550E+00  0.640204E+01  0.776176E-01 -0.785108E-01
     736  0.519168E+00  0.647630E+01  0.551607E-01 -0.870537E-02
     737  0.560221E+00  0.645838E+01  0.171193E-01 -0.116358E-01
     738  0.683665E+00  0.642354E+01  0.622042E-01 -0.373650E-01
     739  0.816399E+00  0.642107E+01  0.115308E+00 -0.456357E-01
     740  0.864251E+00  0.642536E+01  0.828929E-01 -0.537631E-01
     741  0.955171E+00  0.641380E+01  0.936399E-01 -0.751289E-01
     742  0.109611E+01  0.649408E+01  0.154429E+00  0.687729E-02
     743  0.113305E+01  0.650927E+01  0.112509E+00  0.400662E-01
     744  0.116569E+01  0.646190E+01  0.649602E-01 -0.262782E-02
     745  0.127106E+01  0.641948E+01  0.905122E-01 -0.487271E-01
     746  0.136155E+01  0.643447E+01  0.100811E+00 -0.255562E-01
     747  0.136754E+01  0.640804E+01  0.277310E-01 -0.346878E-01
     748  0.141684E+01  0.641286E+01  0.619893E-02 -0.207589E-01
     749  0.149498E+01  0.639633E+01  0.170498E-01 -0.341379E-01
     750  0.155920E+01  0.640522E+01  0.141755E-01 -0.265156E-01
     751  0.160343E+01  0.645678E+01 -0.902540E-02  0.294856E-01
     752  0.167666E+01  0.649426E+01 -0.652277E-03  0.853396E-01
     753  0.178663E+01  0.642933E+01  0.436369E-01  0.327283E-01
     754  0.189967E+01  0.641252E+01  0.760776E-01  0.855422E-02
     755  0.196021E+01  0.646621E+01  0.566201E-01  0.537842E-01
     756  0.200255E+01  0.650965E+01  0.188231E-01  0.897691E-01
     757  0.209112E+01  0.651588E+01  0.278691E-01  0.769651E-01
     758  0.223124E+01  0.653433E+01  0.898939E-01  0.593465E-01
     759  0.232054E+01  0.653939E+01  0.104133E+00  0.237684E-01
     760  0.237905E+01  0.662060E+01  0.845588E-01  0.755956E-01
     761  0.246430E+01  0.673300E+01  0.899713E-01  0.172294E+00
     762  0.258381E+01  0.675483E+01  0.131522E+00  0.171864E+00
     763  0.267258E+01  0.670327E+01  0.143949E+00  0.802172E-01
     764  0.272809E+01  0.673857E+01  0.121148E+00  0.867992E-01
     765  0.277621E+01  0.674206E+01  0.889092E-01  0.852971E-01
     766  0.283106E+01  0.671124E+01  0.632825E-01  0.542190E-01
     767  0.286742E+01  0.671861E+01  0.202893E-01  0.588592E-01
     768  0.290544E+01  0.677055E+01 -0.191018E-01  0.114585E+00
     769  0.298062E+01  0.678154E+01 -0.107973E-01  0.136024E+00
     770  0.309949E+01  0.679703E+01  0.405646E-01  0.155683E+00
     771  0.321476E+01  0.674392E+01  0.853014E-01  0.912100E-01
     772  0.330875E+01  0.675957E+01  0.101029E+00  0.807569E-01
     773  0.339680E+01  0.682682E+01  0.111265E+00  0.117829E+00
     774  0.349238E+01  0.684057E+01  0.128589E+00  0.103635E+00
     775  0.356355E+01  0.682934E+01  0.126120E+00  0.519702E-01
     776  0.357402E+01  0.695356E+01  0.858795E-01  0.103458E+00
     777  0.354091E+01  0.707207E+01  0.246832E-01  0.121880E+00
     778  0.350592E+01  0.718010E+01 -0.177569E-01  0.104303E+00
     779  0.350561E+01  0.731500E+01 -0.237891E-01  0.108909E+00
     780  0.353013E+01  0.742958E+01 -0.135991E-01  0.968280E-01
     781  0.351272E+01  0.747429E+01 -0.413061E-01  0.667006E-02
