       1      0.045662      0.100000      0.001617
       2      0.040584      0.100000      0.001522
       3      0.042594      0.100000      0.003147
       4      0.040987      0.100000      0.002172
       5      0.037912      0.100000      0.003634
       6      0.038783      0.100000      0.003997
       7      0.047156      0.100000      0.002509
       8      0.053725      0.100000      0.002734
       9      0.048841      0.100000      0.009711
      10      0.048603      0.100000      0.002259
      11      0.049219      0.100000      0.002589
      12      0.050847      0.100000      0.003598
      13      0.052130      0.100000      0.002248
      14      0.052386      0.100000      0.003650
      15      0.040043      0.100000      0.000895
      16      0.039573      0.100000      0.000896
      17      0.047103      0.100000      0.000845
      18      0.053082      0.100000      0.000829
      19      0.045200      0.100000      0.001000
      20      0.035584      0.100000      0.003345
      21      0.052935      0.100000      0.001225
      22      0.054793      0.100000      0.000886
      23      0.054902      0.100000      0.008366
      24      0.055119      0.100000      0.007887
      25      0.054671      0.100000      0.005852
      26      0.054985      0.100000      0.001598
      27      0.051552      0.100000      0.001060
      28      0.041559      0.100000      0.001864
      29      0.041362      0.100000      0.001900
      30      0.045779      0.100000      0.000979
      31      0.037559      0.100000      0.002337
      32      0.034884      0.100000      0.002996
      33      0.050913      0.100000      0.001148
      34      0.051552      0.100000      0.000843
      35      0.043540      0.100000      0.003369
      36      0.043115      0.100000      0.000953
      37      0.052244      0.100000      0.001093
      38      0.055031      0.100000      0.000992
      39      0.055539      0.100000      0.008213
      40      0.052780      0.100000      0.003574
      41      0.045348      0.100000      0.001008
      42      0.040050      0.100000      0.000803
      43      0.035328      0.100000      0.003388
      44      0.044040      0.100000      0.001670
      45      0.047037      0.100000      0.001147
      46      0.050157      0.100000      0.003459
      47      0.045423      0.100000      0.007652
      48      0.042194      0.100000      0.001092
      49      0.049734      0.100000      0.003418
      50      0.052666      0.100000      0.001495
      51      0.048164      0.100000      0.000807
      52      0.040278      0.100000      0.003361
      53      0.044776      0.100000      0.003872
      54      0.052895      0.100000      0.001073
      55      0.049402      0.100000      0.001138
      56      0.036535      0.100000      0.012365
      57      0.045460      0.100000      0.001457
      58      0.044395      0.100000      0.003491
      59      0.045144      0.100000      0.001100
      60      0.050574      0.100000      0.001888
      61      0.049813      0.100000      0.005884
      62      0.043469      0.100000      0.004329
      63      0.049254      0.100000      0.002003
      64      0.047385      0.100000      0.000929
      65      0.040275      0.100000      0.000869
      66      0.037196      0.100000      0.000801
      67      0.039199      0.100000      0.003360
      68      0.045908      0.100000      0.001046
      69      0.052871      0.100000      0.013591
      70      0.054528      0.100000      0.008918
      71      0.052960      0.100000      0.002135
      72      0.033417      0.100000      0.002102
      73      0.049112      0.100000      0.000812
      74      0.037748      0.100000      0.008184
      75      0.045493      0.100000      0.004837
      76      0.037916      0.100000      0.001005
      77      0.036501      0.100000      0.002623
      78      0.048921      0.100000      0.001065
      79      0.053285      0.100000      0.002120
      80      0.054885      0.100000      0.008579
      81      0.054533      0.100000      0.008035
      82      0.053711      0.100000      0.005637
      83      0.051427      0.100000      0.003346
      84      0.044280      0.100000      0.002461
      85      0.043719      0.100000      0.001838
      86      0.044294      0.100000      0.001314
      87      0.043283      0.100000      0.000973
      88      0.035767      0.100000      0.008620
      89      0.048602      0.100000      0.002365
      90      0.046529      0.100000      0.002194
      91      0.043054      0.100000      0.005872
      92      0.043541      0.100000      0.000842
      93      0.044686      0.100000      0.001334
      94      0.050879      0.100000      0.002024
      95      0.053833      0.100000      0.003265
      96      0.049468      0.100000      0.000980
      97      0.036809      0.100000      0.001074
      98      0.038643      0.100000      0.001219
      99      0.044592      0.100000      0.001195
     100      0.050650      0.100000      0.001399
     101      0.054346      0.100000      0.004674
     102      0.054882      0.100000      0.010494
     103      0.053047      0.100000      0.003816
     104      0.047510      0.100000      0.001937
     105      0.042947      0.100000      0.008923
     106      0.045124      0.100000      0.001821
     107      0.044056      0.100000      0.003564
     108      0.040988      0.100000      0.000941
     109      0.041375      0.100000      0.001020
     110      0.036302      0.100000      0.003660
     111      0.053642      0.100000      0.002588
     112      0.054278      0.100000      0.004415
     113      0.055393      0.100000      0.001668
     114      0.044381      0.100000      0.000973
     115      0.037093      0.100000      0.004949
     116      0.049466      0.100000      0.000858
     117      0.053029      0.100000      0.003372
     118      0.049421      0.100000      0.000813
     119      0.046070      0.100000      0.001088
     120      0.035492      0.100000      0.004075
     121      0.037855      0.100000      0.000980
     122      0.035199      0.100000      0.002192
     123      0.050301      0.100000      0.002282
     124      0.055038      0.100000      0.008898
     125      0.054184      0.100000      0.007714
     126      0.050750      0.100000      0.002771
     127      0.039251      0.100000      0.007455
     128      0.044098      0.100000      0.001516
     129      0.043790      0.100000      0.000830
     130      0.035614      0.100000      0.002844
     131      0.042985      0.100000      0.008039
     132      0.052187      0.100000      0.002765
     133      0.055458      0.100000      0.010073
     134      0.054944      0.100000      0.006800
     135      0.054529      0.100000      0.002469
     136      0.045879      0.100000      0.000843
     137      0.042122      0.100000      0.001049
     138      0.042899      0.100000      0.001426
     139      0.040591      0.100000      0.000976
     140      0.046661      0.100000      0.001450
     141      0.041607      0.100000      0.005947
     142      0.047489      0.100000      0.002111
     143      0.051462      0.100000      0.002453
     144      0.051021      0.100000      0.003691
     145      0.042477      0.100000      0.000843
     146      0.037935      0.100000      0.003369
     147      0.044466      0.100000      0.002257
     148      0.047497      0.100000      0.013970
     149      0.050545      0.100000      0.004772
     150      0.051827      0.100000      0.003347
     151      0.054279      0.100000      0.005101
     152      0.055025      0.100000      0.002973
     153      0.052907      0.100000      0.012121
     154      0.041709      0.100000      0.001138
     155      0.034083      0.100000      0.009705
     156      0.041596      0.100000      0.001886
     157      0.043570      0.100000      0.002060
     158      0.043624      0.100000      0.001359
     159      0.039202      0.100000      0.001610
     160      0.037069      0.100000      0.001527
     161      0.046166      0.100000      0.003478
     162      0.054322      0.100000      0.011328
     163      0.052487      0.100000      0.001930
     164      0.045103      0.100000      0.001517
     165      0.042359      0.100000      0.001007
     166      0.045031      0.100000      0.001685
     167      0.053104      0.100000      0.002159
     168      0.054743      0.100000      0.003632
     169      0.046098      0.100000      0.003926
     170      0.041793      0.100000      0.003985
     171      0.049390      0.100000      0.001592
     172      0.046658      0.100000      0.001242
     173      0.033315      0.100000      0.008121
     174      0.048449      0.100000      0.002492
     175      0.050697      0.100000      0.002323
     176      0.045617      0.100000      0.000867
     177      0.036157      0.100000      0.003250
     178      0.048681      0.100000      0.001282
     179      0.034491      0.100000      0.003654
     180      0.049245      0.100000      0.000975
     181      0.043001      0.100000      0.002584
     182      0.041606      0.100000      0.003317
     183      0.035274      0.100000      0.004312
     184      0.044605      0.100000      0.001134
     185      0.051523      0.100000      0.002822
     186      0.053797      0.100000      0.003327
     187      0.052246      0.100000      0.003845
     188      0.040314      0.100000      0.004318
     189      0.043691      0.100000      0.001711
     190      0.043850      0.100000      0.002391
     191      0.042775      0.100000      0.004013
     192      0.046427      0.100000      0.002694
     193      0.043322      0.100000      0.003739
     194      0.039604      0.100000      0.000930
     195      0.045210      0.100000      0.001026
     196      0.046108      0.100000      0.003405
     197      0.049753      0.100000      0.001156
     198      0.052228      0.100000      0.002148
     199      0.045630      0.100000      0.005571
     200      0.052718      0.100000      0.011822
     201      0.055310      0.100000      0.008609
     202      0.055189      0.100000      0.009287
     203      0.054980      0.100000      0.007823
     204      0.052963      0.100000      0.000968
     205      0.044993      0.100000      0.008664
     206      0.035824      0.100000      0.001626
     207      0.038786      0.100000      0.001970
     208      0.038086      0.100000      0.001566
     209      0.046141      0.100000      0.005916
     210      0.045351      0.100000      0.003853
     211      0.045579      0.100000      0.001951
     212      0.045689      0.100000      0.000878
     213      0.036861      0.100000      0.005024
     214      0.036601      0.100000      0.004205
     215      0.036445      0.100000      0.003513
     216      0.036929      0.100000      0.001179
     217      0.039571      0.100000      0.002561
     218      0.043072      0.100000      0.008374
     219      0.047399      0.100000      0.002232
     220      0.049366      0.100000      0.001594
     221      0.050800      0.100000      0.002889
     222      0.051157      0.100000      0.001424
     223      0.051783      0.100000      0.001276
     224      0.050276      0.100000      0.001987
     225      0.046421      0.100000      0.003597
     226      0.049875      0.100000      0.001389
     227      0.052866      0.100000      0.000985
     228      0.043849      0.100000      0.001687
     229      0.040251      0.100000      0.002535
     230      0.048978      0.100000      0.001527
     231      0.050312      0.100000      0.001729
     232      0.052465      0.100000      0.001152
     233      0.036260      0.100000      0.001910
     234      0.038923      0.100000      0.002903
     235      0.049760      0.100000      0.001352
     236      0.049973      0.100000      0.000936
     237      0.037670      0.100000      0.001424
     238      0.043505      0.100000      0.001002
     239      0.046513      0.100000      0.002129
     240      0.042526      0.100000      0.001262
     241      0.041496      0.100000      0.001771
     242      0.053083      0.100000      0.003554
     243      0.046931      0.100000      0.001012
     244      0.035806      0.100000      0.002619
     245      0.039274      0.100000      0.001657
     246      0.040120      0.100000      0.001064
     247      0.038390      0.100000      0.003413
     248      0.044877      0.100000      0.001670
     249      0.054223      0.100000      0.004086
     250      0.046520      0.100000      0.001218
     251      0.045273      0.100000      0.001061
     252      0.050683      0.100000      0.006492
     253      0.055437      0.100000      0.009030
     254      0.055364      0.100000      0.002431
     255      0.055318      0.100000      0.011170
     256      0.054128      0.100000      0.006080
     257      0.052591      0.100000      0.001942
     258      0.044948      0.100000      0.000910
     259      0.037779      0.100000      0.003421
     260      0.045970      0.100000      0.002269
     261      0.043471      0.100000      0.007807
     262      0.043383      0.100000      0.008943
     263      0.037807      0.100000      0.001575
     264      0.036537      0.100000      0.004423
     265      0.043848      0.100000      0.001230
     266      0.040386      0.100000      0.011222
     267      0.041380      0.100000      0.002555
     268      0.043703      0.100000      0.001318
     269      0.041594      0.100000      0.001318
     270      0.035225      0.100000      0.014791
     271      0.034193      0.100000      0.003992
     272      0.041026      0.100000      0.000866
     273      0.044358      0.100000      0.002009
     274      0.045153      0.100000      0.002964
     275      0.050807      0.100000      0.002169
     276      0.055193      0.100000      0.012932
     277      0.048783      0.100000      0.005786
     278      0.044387      0.100000      0.004383
     279      0.038482      0.100000      0.001455
     280      0.043719      0.100000      0.003605
     281      0.048523      0.100000      0.003837
     282      0.044032      0.100000      0.000984
     283      0.040073      0.100000      0.001810
     284      0.047794      0.100000      0.000924
     285      0.050081      0.100000      0.001660
     286      0.052163      0.100000      0.002837
     287      0.038001      0.100000      0.001765
     288      0.036103      0.100000      0.002857
     289      0.042314      0.100000      0.012874
     290      0.037469      0.100000      0.001240
     291      0.037073      0.100000      0.001167
     292      0.051263      0.100000      0.003390
     293      0.054489      0.100000      0.009754
     294      0.032402      0.100000      0.002058
     295      0.041170      0.100000      0.002229
     296      0.047183      0.100000      0.002062
     297      0.033879      0.100000      0.007896
     298      0.044475      0.100000      0.003200
     299      0.043983      0.100000      0.005947
     300      0.043008      0.100000      0.004389
     301      0.040472      0.100000      0.004046
     302      0.035613      0.100000      0.009055
     303      0.044369      0.100000      0.002706
     304      0.043399      0.100000      0.001191
     305      0.043970      0.100000      0.002152
     306      0.042813      0.100000      0.001013
     307      0.035558      0.100000      0.001801
     308      0.047470      0.100000      0.001201
     309      0.039387      0.100000      0.001514
     310      0.037779      0.100000      0.001186
     311      0.036532      0.100000      0.002197
     312      0.037554      0.100000      0.002019
     313      0.043189      0.100000      0.001757
     314      0.042948      0.100000      0.001354
     315      0.042224      0.100000      0.003022
     316      0.044587      0.100000      0.014613
     317      0.052249      0.100000      0.002791
     318      0.048871      0.100000      0.000890
     319      0.040820      0.100000      0.001796
     320      0.044068      0.100000      0.002155
     321      0.045854      0.100000      0.002612
     322      0.047275      0.100000      0.001980
     323      0.043886      0.100000      0.002007
     324      0.042868      0.100000      0.001564
     325      0.044344      0.100000      0.001297
     326      0.050909      0.100000      0.001230
     327      0.053593      0.100000      0.002936
     328      0.050478      0.100000      0.003430
     329      0.046534      0.100000      0.001894
     330      0.044148      0.100000      0.001837
     331      0.043613      0.100000      0.003879
     332      0.046925      0.100000      0.002819
     333      0.047789      0.100000      0.001069
     334      0.039677      0.100000      0.001379
     335      0.039641      0.100000      0.003262
     336      0.049252      0.100000      0.001455
     337      0.054390      0.100000      0.008345
     338      0.054825      0.100000      0.007771
     339      0.053301      0.100000      0.002787
     340      0.037417      0.100000      0.001631
     341      0.045702      0.100000      0.000858
     342      0.043338      0.100000      0.000953
     343      0.036491      0.100000      0.003454
     344      0.036853      0.100000      0.003286
     345      0.039301      0.100000      0.003857
     346      0.037424      0.100000      0.003971
     347      0.037467      0.100000      0.000925
     348      0.038497      0.100000      0.001051
     349      0.040062      0.100000      0.000944
     350      0.049171      0.100000      0.003389
     351      0.047050      0.100000      0.003878
     352      0.041301      0.100000      0.000892
     353      0.049075      0.100000      0.001966
     354      0.054698      0.100000      0.008091
     355      0.037758      0.100000      0.002388
     356      0.044026      0.100000      0.001957
     357      0.043513      0.100000      0.003643
     358      0.043529      0.100000      0.002650
     359      0.043802      0.100000      0.002455
     360      0.044910      0.100000      0.002047
     361      0.045763      0.100000      0.001473
     362      0.044170      0.100000      0.001484
     363      0.043770      0.100000      0.001690
     364      0.044707      0.100000      0.001003
     365      0.037072      0.100000      0.000919
     366      0.038780      0.100000      0.000884
     367      0.045258      0.100000      0.001422
     368      0.051638      0.100000      0.000934
     369      0.036890      0.100000      0.001892
     370      0.042756      0.100000      0.005153
     371      0.044780      0.100000      0.001183
     372      0.045177      0.100000      0.001187
     373      0.035171      0.100000      0.003272
     374      0.048078      0.100000      0.001209
     375      0.048073      0.100000      0.001087
     376      0.044410      0.100000      0.001577
     377      0.044399      0.100000      0.005567
     378      0.043886      0.100000      0.004424
     379      0.036599      0.100000      0.002484
     380      0.043615      0.100000      0.007441
     381      0.044186      0.100000      0.001947
     382      0.043302      0.100000      0.014272
     383      0.045428      0.100000      0.002888
     384      0.044677      0.100000      0.000997
     385      0.041522      0.100000      0.002207
     386      0.051798      0.100000      0.003647
     387      0.044714      0.100000      0.002150
     388      0.036972      0.100000      0.002093
     389      0.044271      0.100000      0.000894
     390      0.045889      0.100000      0.003379
     391      0.046408      0.100000      0.003876
     392      0.041719      0.100000      0.000815
     393      0.036482      0.100000      0.002555
     394      0.038223      0.100000      0.001185
     395      0.038674      0.100000      0.003437
     396      0.038977      0.100000      0.000956
     397      0.039335      0.100000      0.001778
     398      0.051153      0.100000      0.001041
     399      0.048241      0.100000      0.000914
     400      0.035613      0.100000      0.002884
     401      0.035894      0.100000      0.000809
     402      0.039863      0.100000      0.003362
     403      0.040664      0.100000      0.001082
     404      0.040007      0.100000      0.002129
     405      0.037182      0.100000      0.002929
     406      0.054253      0.100000      0.003425
     407      0.054101      0.100000      0.005038
     408      0.054449      0.100000      0.002556
     409      0.050059      0.100000      0.007000
     410      0.039880      0.100000      0.000930
     411      0.036822      0.100000      0.002969
     412      0.041143      0.100000      0.001540
     413      0.044718      0.100000      0.002040
     414      0.043508      0.100000      0.001923
     415      0.047378      0.100000      0.000804
     416      0.048470      0.100000      0.002182
     417      0.044023      0.100000      0.001729
     418      0.042059      0.100000      0.001945
     419      0.052363      0.100000      0.002685
     420      0.050965      0.100000      0.006075
     421      0.051448      0.100000      0.003715
     422      0.048514      0.100000      0.001019
     423      0.043201      0.100000      0.002616
     424      0.044617      0.100000      0.002414
     425      0.042486      0.100000      0.010302
     426      0.047741      0.100000      0.002678
     427      0.050047      0.100000      0.002764
     428      0.049432      0.100000      0.002978
     429      0.048270      0.100000      0.003976
     430      0.043445      0.100000      0.006182
     431      0.036126      0.100000      0.008273
     432      0.046328      0.100000      0.000802
     433      0.041744      0.100000      0.002375
     434      0.038162      0.100000      0.004770
     435      0.039011      0.100000      0.003806
     436      0.043610      0.100000      0.009728
     437      0.043651      0.100000      0.009981
     438      0.046945      0.100000      0.006521
     439      0.035279      0.100000      0.006890
     440      0.043035      0.100000      0.001912
     441      0.035391      0.100000      0.009134
     442      0.048357      0.100000      0.002570
     443      0.037742      0.100000      0.002829
     444      0.037514      0.100000      0.001961
     445      0.043560      0.100000      0.001311
     446      0.040991      0.100000      0.003462
     447      0.038140      0.100000      0.002270
     448      0.042919      0.100000      0.001334
     449      0.037534      0.100000      0.001758
     450      0.036136      0.100000      0.010209
     451      0.037563      0.100000      0.002715
     452      0.043164      0.100000      0.001035
     453      0.045391      0.100000      0.003407
     454      0.044731      0.100000      0.003881
     455      0.043193      0.100000      0.001415
     456      0.050187      0.100000      0.001012
     457      0.050378      0.100000      0.002250
     458      0.046328      0.100000      0.002087
     459      0.044879      0.100000      0.002446
     460      0.044799      0.100000      0.003944
     461      0.044568      0.100000      0.004575
     462      0.043629      0.100000      0.006909
     463      0.044084      0.100000      0.004247
     464      0.045109      0.100000      0.002986
     465      0.045444      0.100000      0.002153
     466      0.045701      0.100000      0.000989
     467      0.042697      0.100000      0.001753
     468      0.043662      0.100000      0.005288
     469      0.046063      0.100000      0.003523
     470      0.045816      0.100000      0.002764
     471      0.044983      0.100000      0.001669
     472      0.043893      0.100000      0.001990
     473      0.042007      0.100000      0.003236
     474      0.046369      0.100000      0.001800
     475      0.046867      0.100000      0.001619
     476      0.047281      0.100000      0.001194
     477      0.048025      0.100000      0.000832
     478      0.047588      0.100000      0.001339
     479      0.046409      0.100000      0.001247
     480      0.043976      0.100000      0.001825
     481      0.044374      0.100000      0.002647
     482      0.037108      0.100000      0.002689
     483      0.039980      0.100000      0.001527
     484      0.047490      0.100000      0.000830
     485      0.046931      0.100000      0.000966
     486      0.043077      0.100000      0.003393
     487      0.043570      0.100000      0.001026
     488      0.043240      0.100000      0.014892
     489      0.043773      0.100000      0.001745
     490      0.043851      0.100000      0.003165
     491      0.043919      0.100000      0.001229
     492      0.036433      0.100000      0.004471
     493      0.037650      0.100000      0.001543
     494      0.041135      0.100000      0.003509
     495      0.045617      0.100000      0.000980
     496      0.050284      0.100000      0.001633
     497      0.048915      0.100000      0.003004
     498      0.051866      0.100000      0.003832
     499      0.055127      0.100000      0.005363
     500      0.054577      0.100000      0.003890
     501      0.053968      0.100000      0.000969
     502      0.045862      0.100000      0.012403
     503      0.047750      0.100000      0.003840
     504      0.051215      0.100000      0.001985
     505      0.048979      0.100000      0.001133
     506      0.050341      0.100000      0.001469
     507      0.051706      0.100000      0.002270
     508      0.051235      0.100000      0.002094
     509      0.050106      0.100000      0.000940
     510      0.052455      0.100000      0.002383
     511      0.054666      0.100000      0.001457
     512      0.052764      0.100000      0.002817
     513      0.047761      0.100000      0.001391
     514      0.050037      0.100000      0.003478
     515      0.045722      0.100000      0.000935
     516      0.043023      0.100000      0.002085
     517      0.040602      0.100000      0.001515
     518      0.036271      0.100000      0.004762
     519      0.037423      0.100000      0.001444
     520      0.040952      0.100000      0.001880
     521      0.043652      0.100000      0.000922
     522      0.038104      0.100000      0.000903
     523      0.036598      0.100000      0.003381
     524      0.041125      0.100000      0.001715
     525      0.044747      0.100000      0.011539
     526      0.054047      0.100000      0.003726
     527      0.051320      0.100000      0.001129
     528      0.046092      0.100000      0.003426
     529      0.045375      0.100000      0.001741
     530      0.049711      0.100000      0.001797
     531      0.051915      0.100000      0.001946
     532      0.054245      0.100000      0.001697
     533      0.054759      0.100000      0.002683
     534      0.055234      0.100000      0.003967
     535      0.054877      0.100000      0.007274
     536      0.054026      0.100000      0.003166
     537      0.056435      0.100000      0.000895
     538      0.053143      0.100000      0.003379
     539      0.045499      0.100000      0.001500
     540      0.036033      0.100000      0.004627
     541      0.047885      0.100000      0.001992
     542      0.050006      0.100000      0.003598
     543      0.047210      0.100000      0.003920
     544      0.050504      0.100000      0.001463
     545      0.049768      0.100000      0.001180
     546      0.040997      0.100000      0.001614
     547      0.038129      0.100000      0.003719
     548      0.040839      0.100000      0.004306
     549      0.051417      0.100000      0.005053
     550      0.055177      0.100000      0.004145
     551      0.054315      0.100000      0.008416
     552      0.054405      0.100000      0.005085
     553      0.052226      0.100000      0.003282
     554      0.049643      0.100000      0.002864
     555      0.050609      0.100000      0.001272
     556      0.051619      0.100000      0.002799
     557      0.046092      0.100000      0.000845
     558      0.051176      0.100000      0.001947
     559      0.055067      0.100000      0.009592
     560      0.054750      0.100000      0.004344
     561      0.053739      0.100000      0.002617
     562      0.049197      0.100000      0.001488
     563      0.043435      0.100000      0.000910
     564      0.045157      0.100000      0.000816
     565      0.050231      0.100000      0.002278
     566      0.047884      0.100000      0.001031
     567      0.051060      0.100000      0.001675
     568      0.053864      0.100000      0.002838
     569      0.054384      0.100000      0.003958
     570      0.053897      0.100000      0.003322
     571      0.051822      0.100000      0.002766
     572      0.048905      0.100000      0.003753
     573      0.050884      0.100000      0.002151
     574      0.054045      0.100000      0.001931
     575      0.052462      0.100000      0.002293
     576      0.052776      0.100000      0.000983
     577      0.053569      0.100000      0.001027
     578      0.052830      0.100000      0.003405
     579      0.049667      0.100000      0.002481
     580      0.053272      0.100000      0.003829
     581      0.051770      0.100000      0.002419
     582      0.048771      0.100000      0.001974
     583      0.045819      0.100000      0.012220
     584      0.051057      0.100000      0.002158
     585      0.054651      0.100000      0.003937
     586      0.054205      0.100000      0.001815
     587      0.053930      0.100000      0.003015
     588      0.051034      0.100000      0.005112
     589      0.050241      0.100000      0.001944
     590      0.046979      0.100000      0.000881
     591      0.040345      0.100000      0.001080
     592      0.042088      0.100000      0.005639
     593      0.043590      0.100000      0.001610
     594      0.040911      0.100000      0.001119
     595      0.038457      0.100000      0.005090
     596      0.039154      0.100000      0.009329
     597      0.043935      0.100000      0.001831
     598      0.045118      0.100000      0.001114
     599      0.038122      0.100000      0.007414
     600      0.039079      0.100000      0.001016
     601      0.040666      0.100000      0.000819
     602      0.043757      0.100000      0.005547
     603      0.042959      0.100000      0.007218
     604      0.053729      0.100000      0.001902
     605      0.052518      0.100000      0.015407
     606      0.051732      0.100000      0.008486
     607      0.054706      0.100000      0.005119
     608      0.054450      0.100000      0.001169
     609      0.053526      0.100000      0.003434
     610      0.055043      0.100000      0.005997
     611      0.055519      0.100000      0.010542
     612      0.054812      0.100000      0.009366
     613      0.054711      0.100000      0.004176
     614      0.055253      0.100000      0.009775
     615      0.054877      0.100000      0.001258
     616      0.055200      0.100000      0.008752
     617      0.055083      0.100000      0.003331
     618      0.054770      0.100000      0.008979
     619      0.055152      0.100000      0.008522
     620      0.054533      0.100000      0.015922
     621      0.054618      0.100000      0.004140
     622      0.050295      0.100000      0.001663
     623      0.046700      0.100000      0.008355
     624      0.051504      0.100000      0.002559
     625      0.047898      0.100000      0.001194
     626      0.043749      0.100000      0.004074
     627      0.051742      0.100000      0.000988
     628      0.055865      0.100000      0.002563
     629      0.053666      0.100000      0.005643
     630      0.053485      0.100000      0.005407
     631      0.054367      0.100000      0.007552
     632      0.054969      0.100000      0.002606
     633      0.054634      0.100000      0.010352
     634      0.054473      0.100000      0.001163
     635      0.047297      0.100000      0.001647
     636      0.045853      0.100000      0.002945
     637      0.046435      0.100000      0.006955
     638      0.050878      0.100000      0.008489
     639      0.055002      0.100000      0.009283
     640      0.055021      0.100000      0.009449
     641      0.054681      0.100000      0.008466
     642      0.052417      0.100000      0.007029
     643      0.055094      0.100000      0.005452
     644      0.055028      0.100000      0.008990
     645      0.055744      0.100000      0.008470
     646      0.054978      0.100000      0.005265
     647      0.054967      0.100000      0.008940
     648      0.055103      0.100000      0.004285
     649      0.049890      0.100000      0.008686
     650      0.045683      0.100000      0.004640
     651      0.046271      0.100000      0.008450
     652      0.043941      0.100000      0.004890
     653      0.046147      0.100000      0.003722
     654      0.045273      0.100000      0.003659
     655      0.032968      0.100000      0.007525
     656      0.047180      0.100000      0.004353
     657      0.042130      0.100000      0.011330
     658      0.042436      0.100000      0.008259
     659      0.045911      0.100000      0.001243
     660      0.038390      0.100000      0.003226
     661      0.043662      0.100000      0.002435
     662      0.045189      0.100000      0.001945
     663      0.045359      0.100000      0.001326
     664      0.048977      0.100000      0.005797
     665      0.055105      0.100000      0.007412
     666      0.048428      0.100000      0.003550
     667      0.043586      0.100000      0.001032
     668      0.045994      0.100000      0.013350
     669      0.049267      0.100000      0.005870
     670      0.048311      0.100000      0.001018
     671      0.046281      0.100000      0.008162
     672      0.055105      0.100000      0.012281
     673      0.054887      0.100000      0.015099
     674      0.054761      0.100000      0.008651
     675      0.054394      0.100000      0.004862
     676      0.055004      0.100000      0.002689
     677      0.055062      0.100000      0.011544
     678      0.055130      0.100000      0.009404
     679      0.055264      0.100000      0.009667
     680      0.055327      0.100000      0.005715
     681      0.055213      0.100000      0.009159
     682      0.054891      0.100000      0.009238
     683      0.055313      0.100000      0.012220
     684      0.055820      0.100000      0.008272
     685      0.045222      0.100000      0.002137
     686      0.039426      0.100000      0.001748
     687      0.036970      0.100000      0.001921
     688      0.043886      0.100000      0.004690
     689      0.046992      0.100000      0.002250
     690      0.043520      0.100000      0.000948
     691      0.049508      0.100000      0.006795
     692      0.055075      0.100000      0.009535
     693      0.055145      0.100000      0.009747
     694      0.055467      0.100000      0.012944
     695      0.051363      0.100000      0.000917
     696      0.045902      0.100000      0.011984
     697      0.048549      0.100000      0.008373
     698      0.055021      0.100000      0.014506
     699      0.055145      0.100000      0.015407
     700      0.055401      0.100000      0.013722
     701      0.048197      0.100000      0.003001
     702      0.042364      0.100000      0.003719
     703      0.043368      0.100000      0.003387
     704      0.042717      0.100000      0.000863
     705      0.044264      0.100000      0.001592
     706      0.042574      0.100000      0.001923
     707      0.046027      0.100000      0.002085
     708      0.047323      0.100000      0.008138
     709      0.053440      0.100000      0.008724
     710      0.054644      0.100000      0.004995
     711      0.054930      0.100000      0.002317
     712      0.054992      0.100000      0.010666
     713      0.054792      0.100000      0.006357
     714      0.054973      0.100000      0.009348
     715      0.053971      0.100000      0.013836
     716      0.053402      0.100000      0.004044
     717      0.054071      0.100000      0.002361
     718      0.053995      0.100000      0.006556
     719      0.049850      0.100000      0.004174
     720      0.048387      0.100000      0.000852
     721      0.053369      0.100000      0.002962
     722      0.050785      0.100000      0.005045
     723      0.051479      0.100000      0.000928
     724      0.053318      0.100000      0.003028
     725      0.054373      0.100000      0.002445
     726      0.054550      0.100000      0.001281
     727      0.055047      0.100000      0.005718
     728      0.054916      0.100000      0.009329
     729      0.054943      0.100000      0.011944
     730      0.055008      0.100000      0.002137
     731      0.055210      0.100000      0.007440
     732      0.048482      0.100000      0.004722
     733      0.045994      0.100000      0.014912
     734      0.046758      0.100000      0.008148
     735      0.055772      0.100000      0.008218
     736      0.054620      0.100000      0.009676
     737      0.053971      0.100000      0.008046
     738      0.054793      0.100000      0.008364
     739      0.055353      0.100000      0.011993
     740      0.055229      0.100000      0.005811
     741      0.055117      0.100000      0.008584
     742      0.054561      0.100000      0.008406
     743      0.055167      0.100000      0.009873
     744      0.054903      0.100000      0.007469
     745      0.055209      0.100000      0.008533
     746      0.054683      0.100000      0.003858
     747      0.048803      0.100000      0.015151
     748      0.046286      0.100000      0.008923
     749      0.046134      0.100000      0.008345
     750      0.046397      0.100000      0.008681
     751      0.045022      0.100000      0.002730
     752      0.045349      0.100000      0.015073
     753      0.055485      0.100000      0.010081
     754      0.055081      0.100000      0.008177
     755      0.055160      0.100000      0.009612
     756      0.055058      0.100000      0.008862
     757      0.055041      0.100000      0.007159
     758      0.053374      0.100000      0.002926
     759      0.054582      0.100000      0.002639
     760      0.055154      0.100000      0.001385
     761      0.054120      0.100000      0.013978
     762      0.054181      0.100000      0.011314
     763      0.054699      0.100000      0.002160
     764      0.055286      0.100000      0.009312
     765      0.055341      0.100000      0.009216
     766      0.054576      0.100000      0.003247
     767      0.053246      0.100000      0.008241
     768      0.046124      0.100000      0.002664
     769      0.046438      0.100000      0.008533
     770      0.048656      0.100000      0.008495
     771      0.054517      0.100000      0.011121
     772      0.054450      0.100000      0.004181
     773      0.054625      0.100000      0.007143
     774      0.052405      0.100000      0.009118
     775      0.042510      0.100000      0.003098
     776      0.038622      0.100000      0.002425
     777      0.042282      0.100000      0.003707
     778      0.043717      0.100000      0.003154
     779      0.043455      0.100000      0.001249
     780      0.045620      0.100000      0.001476
     781      0.042274      0.100000      0.009654
