       1  0.129006E+00  0.296199E+01    0.100E+01    0.150E+01
       2  0.199072E+00  0.298405E+01    0.100E+01    0.150E+01
       3  0.251388E+00  0.303247E+01    0.100E+01    0.150E+01
       4  0.226523E+00  0.311643E+01    0.100E+01    0.150E+01
       5  0.188126E+00  0.319597E+01    0.100E+01    0.150E+01
       6  0.188953E+00  0.327185E+01    0.100E+01    0.150E+01
       7  0.200474E+00  0.335963E+01    0.100E+01    0.150E+01
       8  0.156384E+00  0.343662E+01    0.100E+01    0.150E+01
       9  0.780428E-01  0.347690E+01    0.100E+01    0.150E+01
      10  0.627520E+01  0.349319E+01    0.100E+01    0.150E+01
      11  0.620700E+01  0.346565E+01    0.100E+01    0.150E+01
      12  0.617155E+01  0.338776E+01    0.100E+01    0.150E+01
      13  0.612976E+01  0.330695E+01    0.100E+01    0.150E+01
      14  0.606538E+01  0.324443E+01    0.100E+01    0.150E+01
      15  0.600758E+01  0.317519E+01    0.100E+01    0.150E+01
      16  0.599800E+01  0.308508E+01    0.100E+01    0.150E+01
      17  0.603540E+01  0.300315E+01    0.100E+01    0.150E+01
      18  0.609597E+01  0.293617E+01    0.100E+01    0.150E+01
      19  0.614307E+01  0.287632E+01    0.100E+01    0.150E+01
      20  0.615025E+01  0.280154E+01    0.100E+01    0.150E+01
      21  0.612715E+01  0.272751E+01    0.100E+01    0.150E+01
      22  0.613673E+01  0.265394E+01    0.100E+01    0.150E+01
      23  0.620879E+01  0.262211E+01    0.100E+01    0.150E+01
      24  0.116774E-01  0.263517E+01    0.100E+01    0.150E+01
      25  0.907733E-01  0.267404E+01    0.100E+01    0.150E+01
      26  0.165102E+00  0.272273E+01    0.100E+01    0.150E+01
      27  0.242656E+00  0.276511E+01    0.100E+01    0.150E+01
      28  0.318129E+00  0.281058E+01    0.100E+01    0.150E+01
      29  0.367944E+00  0.288435E+01    0.100E+01    0.150E+01
      30  0.363379E+00  0.297509E+01    0.100E+01    0.150E+01
      31  0.322932E+00  0.305861E+01    0.100E+01    0.150E+01
      32  0.264756E+00  0.310062E+01    0.100E+01    0.150E+01
      33  0.210557E+00  0.305419E+01    0.100E+01    0.150E+01
      34  0.153374E+00  0.300163E+01    0.100E+01    0.150E+01
      35  0.666351E-01  0.299349E+01    0.100E+01    0.150E+01
      36  0.626261E+01  0.299525E+01    0.100E+01    0.150E+01
      37  0.617845E+01  0.302045E+01    0.100E+01    0.150E+01
      38  0.609388E+01  0.304620E+01    0.100E+01    0.150E+01
      39  0.600736E+01  0.305935E+01    0.100E+01    0.150E+01
      40  0.592193E+01  0.305615E+01    0.100E+01    0.150E+01
      41  0.584396E+01  0.304315E+01    0.100E+01    0.150E+01
      42  0.576934E+01  0.304397E+01    0.100E+01    0.150E+01
      43  0.570499E+01  0.307828E+01    0.100E+01    0.150E+01
      44  0.567057E+01  0.314347E+01    0.100E+01    0.150E+01
      45  0.570938E+01  0.320813E+01    0.100E+01    0.150E+01
      46  0.572969E+01  0.328330E+01    0.100E+01    0.150E+01
      47  0.572526E+01  0.337503E+01    0.100E+01    0.150E+01
      48  0.576900E+01  0.345362E+01    0.100E+01    0.150E+01
      49  0.584247E+01  0.350245E+01    0.100E+01    0.150E+01
      50  0.592786E+01  0.351990E+01    0.100E+01    0.150E+01
      51  0.601502E+01  0.351804E+01    0.100E+01    0.150E+01
      52  0.610199E+01  0.350868E+01    0.100E+01    0.150E+01
      53  0.618689E+01  0.350511E+01    0.100E+01    0.150E+01
      54  0.625722E+01  0.352174E+01    0.100E+01    0.150E+01
      55  0.430247E-01  0.356565E+01    0.100E+01    0.150E+01
      56  0.122944E+00  0.360202E+01    0.100E+01    0.150E+01
      57  0.209760E+00  0.360666E+01    0.100E+01    0.150E+01
      58  0.296196E+00  0.359579E+01    0.100E+01    0.150E+01
      59  0.380997E+00  0.356769E+01    0.100E+01    0.150E+01
      60  0.437505E+00  0.350037E+01    0.100E+01    0.150E+01
      61  0.458240E+00  0.341036E+01    0.100E+01    0.150E+01
      62  0.481978E+00  0.332258E+01    0.100E+01    0.150E+01
      63  0.531762E+00  0.324547E+01    0.100E+01    0.150E+01
      64  0.572267E+00  0.317701E+01    0.100E+01    0.150E+01
      65  0.574185E+00  0.309905E+01    0.100E+01    0.150E+01
      66  0.532675E+00  0.302149E+01    0.100E+01    0.150E+01
      67  0.459154E+00  0.297564E+01    0.100E+01    0.150E+01
      68  0.388880E+00  0.295116E+01    0.100E+01    0.150E+01
      69  0.398763E+00  0.288039E+01    0.100E+01    0.150E+01
      70  0.445311E+00  0.280698E+01    0.100E+01    0.150E+01
      71  0.422481E+00  0.272461E+01    0.100E+01    0.150E+01
      72  0.358314E+00  0.266861E+01    0.100E+01    0.150E+01
      73  0.296438E+00  0.261236E+01    0.100E+01    0.150E+01
      74  0.260406E+00  0.254554E+01    0.100E+01    0.150E+01
      75  0.217717E+00  0.248387E+01    0.100E+01    0.150E+01
      76  0.154090E+00  0.244499E+01    0.100E+01    0.150E+01
      77  0.862626E-01  0.241697E+01    0.100E+01    0.150E+01
      78  0.154787E-01  0.240322E+01    0.100E+01    0.150E+01
      79  0.622059E+01  0.243654E+01    0.100E+01    0.150E+01
      80  0.613584E+01  0.246010E+01    0.100E+01    0.150E+01
      81  0.604967E+01  0.247644E+01    0.100E+01    0.150E+01
      82  0.597151E+01  0.251727E+01    0.100E+01    0.150E+01
      83  0.592190E+01  0.259210E+01    0.100E+01    0.150E+01
      84  0.589957E+01  0.268150E+01    0.100E+01    0.150E+01
      85  0.588058E+01  0.277156E+01    0.100E+01    0.150E+01
      86  0.585161E+01  0.285871E+01    0.100E+01    0.150E+01
      87  0.579210E+01  0.292452E+01    0.100E+01    0.150E+01
      88  0.570942E+01  0.294915E+01    0.100E+01    0.150E+01
      89  0.565014E+01  0.298853E+01    0.100E+01    0.150E+01
      90  0.567605E+01  0.306916E+01    0.100E+01    0.150E+01
      91  0.570689E+01  0.314400E+01    0.100E+01    0.150E+01
      92  0.569060E+01  0.321932E+01    0.100E+01    0.150E+01
      93  0.571146E+01  0.329592E+01    0.100E+01    0.150E+01
      94  0.576080E+01  0.337106E+01    0.100E+01    0.150E+01
      95  0.577068E+01  0.346234E+01    0.100E+01    0.150E+01
      96  0.576242E+01  0.355431E+01    0.100E+01    0.150E+01
      97  0.574933E+01  0.363962E+01    0.100E+01    0.150E+01
      98  0.574437E+01  0.371679E+01    0.100E+01    0.150E+01
      99  0.577353E+01  0.378678E+01    0.100E+01    0.150E+01
     100  0.583071E+01  0.383622E+01    0.100E+01    0.150E+01
     101  0.589285E+01  0.387555E+01    0.100E+01    0.150E+01
     102  0.595792E+01  0.391176E+01    0.100E+01    0.150E+01
     103  0.602356E+01  0.392812E+01    0.100E+01    0.150E+01
     104  0.609975E+01  0.392286E+01    0.100E+01    0.150E+01
     105  0.618692E+01  0.391127E+01    0.100E+01    0.150E+01
     106  0.627410E+01  0.389802E+01    0.100E+01    0.150E+01
     107  0.728445E-01  0.386457E+01    0.100E+01    0.150E+01
     108  0.139899E+00  0.380942E+01    0.100E+01    0.150E+01
     109  0.218204E+00  0.376963E+01    0.100E+01    0.150E+01
     110  0.304001E+00  0.374999E+01    0.100E+01    0.150E+01
     111  0.388634E+00  0.372618E+01    0.100E+01    0.150E+01
     112  0.469531E+00  0.369210E+01    0.100E+01    0.150E+01
     113  0.538363E+00  0.363763E+01    0.100E+01    0.150E+01
     114  0.555322E+00  0.355052E+01    0.100E+01    0.150E+01
     115  0.526454E+00  0.346338E+01    0.100E+01    0.150E+01
     116  0.514149E+00  0.337241E+01    0.100E+01    0.150E+01
     117  0.508023E+00  0.328855E+01    0.100E+01    0.150E+01
     118  0.525704E+00  0.321518E+01    0.100E+01    0.150E+01
     119  0.601479E+00  0.318095E+01    0.100E+01    0.150E+01
     120  0.671696E+00  0.315340E+01    0.100E+01    0.150E+01
     121  0.691654E+00  0.308263E+01    0.100E+01    0.150E+01
     122  0.653918E+00  0.299896E+01    0.100E+01    0.150E+01
     123  0.632485E+00  0.291005E+01    0.100E+01    0.150E+01
     124  0.604055E+00  0.282352E+01    0.100E+01    0.150E+01
     125  0.539065E+00  0.276342E+01    0.100E+01    0.150E+01
     126  0.458585E+00  0.272902E+01    0.100E+01    0.150E+01
     127  0.383585E+00  0.269095E+01    0.100E+01    0.150E+01
     128  0.334696E+00  0.263491E+01    0.100E+01    0.150E+01
     129  0.339659E+00  0.256025E+01    0.100E+01    0.150E+01
     130  0.357085E+00  0.248636E+01    0.100E+01    0.150E+01
     131  0.313079E+00  0.242751E+01    0.100E+01    0.150E+01
     132  0.242434E+00  0.242828E+01    0.100E+01    0.150E+01
     133  0.222337E+00  0.249792E+01    0.100E+01    0.150E+01
     134  0.212740E+00  0.257203E+01    0.100E+01    0.150E+01
     135  0.209142E+00  0.265000E+01    0.100E+01    0.150E+01
     136  0.240251E+00  0.273606E+01    0.100E+01    0.150E+01
     137  0.297714E+00  0.280489E+01    0.100E+01    0.150E+01
     138  0.383711E+00  0.280818E+01    0.100E+01    0.150E+01
     139  0.469760E+00  0.279207E+01    0.100E+01    0.150E+01
     140  0.559162E+00  0.278335E+01    0.100E+01    0.150E+01
     141  0.647964E+00  0.279602E+01    0.100E+01    0.150E+01
     142  0.717530E+00  0.283516E+01    0.100E+01    0.150E+01
     143  0.743190E+00  0.290268E+01    0.100E+01    0.150E+01
     144  0.747277E+00  0.299345E+01    0.100E+01    0.150E+01
     145  0.751654E+00  0.308196E+01    0.100E+01    0.150E+01
     146  0.744412E+00  0.315756E+01    0.100E+01    0.150E+01
     147  0.706879E+00  0.323338E+01    0.100E+01    0.150E+01
     148  0.655176E+00  0.330717E+01    0.100E+01    0.150E+01
     149  0.609721E+00  0.337858E+01    0.100E+01    0.150E+01
     150  0.531126E+00  0.341784E+01    0.100E+01    0.150E+01
     151  0.446770E+00  0.343862E+01    0.100E+01    0.150E+01
     152  0.372496E+00  0.343368E+01    0.100E+01    0.150E+01
     153  0.308058E+00  0.337342E+01    0.100E+01    0.150E+01
     154  0.269822E+00  0.329649E+01    0.100E+01    0.150E+01
     155  0.320489E+00  0.325707E+01    0.100E+01    0.150E+01
     156  0.308399E+00  0.333149E+01    0.100E+01    0.150E+01
     157  0.264716E+00  0.339371E+01    0.100E+01    0.150E+01
     158  0.180515E+00  0.341753E+01    0.100E+01    0.150E+01
     159  0.102547E+00  0.345508E+01    0.100E+01    0.150E+01
     160  0.229525E-01  0.349314E+01    0.100E+01    0.150E+01
     161  0.622572E+01  0.351056E+01    0.100E+01    0.150E+01
     162  0.617098E+01  0.346208E+01    0.100E+01    0.150E+01
     163  0.612885E+01  0.338126E+01    0.100E+01    0.150E+01
     164  0.608254E+01  0.330316E+01    0.100E+01    0.150E+01
     165  0.607454E+01  0.321174E+01    0.100E+01    0.150E+01
     166  0.606228E+01  0.312115E+01    0.100E+01    0.150E+01
     167  0.603008E+01  0.303516E+01    0.100E+01    0.150E+01
     168  0.597557E+01  0.296344E+01    0.100E+01    0.150E+01
     169  0.592223E+01  0.289092E+01    0.100E+01    0.150E+01
     170  0.592351E+01  0.281535E+01    0.100E+01    0.150E+01
     171  0.595077E+01  0.274558E+01    0.100E+01    0.150E+01
     172  0.592315E+01  0.267519E+01    0.100E+01    0.150E+01
     173  0.591093E+01  0.260086E+01    0.100E+01    0.150E+01
     174  0.593963E+01  0.251919E+01    0.100E+01    0.150E+01
     175  0.589724E+01  0.246571E+01    0.100E+01    0.150E+01
     176  0.583167E+01  0.248480E+01    0.100E+01    0.150E+01
     177  0.580108E+01  0.256564E+01    0.100E+01    0.150E+01
     178  0.573627E+01  0.262732E+01    0.100E+01    0.150E+01
     179  0.569974E+01  0.271003E+01    0.100E+01    0.150E+01
     180  0.567943E+01  0.280002E+01    0.100E+01    0.150E+01
     181  0.563287E+01  0.287399E+01    0.100E+01    0.203E+01
     182  0.557662E+01  0.294524E+01    0.100E+01    0.203E+01
     183  0.557049E+01  0.304508E+01    0.100E+01    0.203E+01
     184  0.561292E+01  0.315637E+01    0.100E+01    0.203E+01
     185  0.565151E+01  0.325463E+01    0.100E+01    0.203E+01
     186  0.570371E+01  0.334372E+01    0.100E+01    0.203E+01
     187  0.575149E+01  0.344355E+01    0.100E+01    0.203E+01
     188  0.579069E+01  0.355491E+01    0.100E+01    0.203E+01
     189  0.579504E+01  0.365980E+01    0.100E+01    0.203E+01
     190  0.579876E+01  0.375827E+01    0.100E+01    0.203E+01
     191  0.583419E+01  0.385586E+01    0.100E+01    0.203E+01
     192  0.586892E+01  0.394705E+01    0.100E+01    0.203E+01
     193  0.585640E+01  0.404852E+01    0.100E+01    0.203E+01
     194  0.584709E+01  0.415214E+01    0.100E+01    0.203E+01
     195  0.587331E+01  0.425007E+01    0.100E+01    0.203E+01
     196  0.589320E+01  0.435147E+01    0.100E+01    0.203E+01
     197  0.589515E+01  0.445199E+01    0.100E+01    0.203E+01
     198  0.590138E+01  0.456336E+01    0.100E+01    0.203E+01
     199  0.591679E+01  0.466398E+01    0.100E+01    0.203E+01
     200  0.592127E+01  0.476687E+01    0.100E+01    0.203E+01
     201  0.588820E+01  0.485833E+01    0.100E+01    0.203E+01
     202  0.582645E+01  0.494674E+01    0.100E+01    0.203E+01
     203  0.576266E+01  0.503169E+01    0.100E+01    0.203E+01
     204  0.570474E+01  0.512546E+01    0.100E+01    0.203E+01
     205  0.565005E+01  0.522340E+01    0.100E+01    0.203E+01
     206  0.560717E+01  0.533209E+01    0.100E+01    0.203E+01
     207  0.560754E+01  0.545490E+01    0.100E+01    0.203E+01
     208  0.565317E+01  0.556143E+01    0.100E+01    0.203E+01
     209  0.571447E+01  0.565081E+01    0.100E+01    0.203E+01
     210  0.578459E+01  0.572534E+01    0.100E+01    0.203E+01
     211  0.586288E+01  0.578339E+01    0.100E+01    0.203E+01
     212  0.594856E+01  0.581477E+01    0.100E+01    0.203E+01
     213  0.602366E+01  0.580209E+01    0.100E+01    0.203E+01
     214  0.610632E+01  0.578219E+01    0.100E+01    0.203E+01
     215  0.619415E+01  0.579863E+01    0.100E+01    0.203E+01
     216  0.627355E+01  0.585094E+01    0.100E+01    0.203E+01
     217  0.630525E-01  0.591544E+01    0.100E+01    0.203E+01
     218  0.105082E+00  0.599980E+01    0.100E+01    0.203E+01
     219  0.112728E+00  0.610534E+01    0.100E+01    0.203E+01
     220  0.133648E+00  0.620017E+01    0.100E+01    0.203E+01
     221  0.202807E+00  0.626756E+01    0.100E+01    0.203E+01
     222  0.287483E+00  0.629566E+01    0.100E+01    0.203E+01
     223  0.374837E+00  0.629602E+01    0.100E+01    0.203E+01
     224  0.462962E+00  0.629509E+01    0.100E+01    0.203E+01
     225  0.550890E+00  0.630430E+01    0.100E+01    0.203E+01
     226  0.637870E+00  0.631941E+01    0.100E+01    0.203E+01
     227  0.724492E+00  0.633786E+01    0.100E+01    0.203E+01
     228  0.811439E+00  0.635608E+01    0.100E+01    0.203E+01
     229  0.898642E+00  0.635988E+01    0.100E+01    0.203E+01
     230  0.980250E+00  0.632701E+01    0.100E+01    0.203E+01
     231  0.104449E+01  0.625886E+01    0.100E+01    0.203E+01
     232  0.112038E+01  0.619024E+01    0.100E+01    0.203E+01
     233  0.118212E+01  0.610986E+01    0.100E+01    0.203E+01
     234  0.121267E+01  0.601703E+01    0.100E+01    0.203E+01
     235  0.122027E+01  0.591107E+01    0.100E+01    0.203E+01
     236  0.121425E+01  0.580657E+01    0.100E+01    0.203E+01
     237  0.122838E+01  0.570434E+01    0.100E+01    0.203E+01
     238  0.129023E+01  0.564390E+01    0.100E+01    0.203E+01
     239  0.137209E+01  0.561044E+01    0.100E+01    0.203E+01
     240  0.142897E+01  0.554717E+01    0.100E+01    0.203E+01
     241  0.143711E+01  0.544659E+01    0.100E+01    0.203E+01
     242  0.141561E+01  0.534503E+01    0.100E+01    0.203E+01
     243  0.134587E+01  0.528117E+01    0.100E+01    0.203E+01
     244  0.125833E+01  0.527872E+01    0.100E+01    0.203E+01
     245  0.117097E+01  0.529255E+01    0.100E+01    0.203E+01
     246  0.108369E+01  0.530717E+01    0.100E+01    0.203E+01
     247  0.997084E+00  0.532823E+01    0.100E+01    0.203E+01
     248  0.913781E+00  0.536704E+01    0.100E+01    0.203E+01
     249  0.828679E+00  0.539526E+01    0.100E+01    0.203E+01
     250  0.740849E+00  0.539779E+01    0.100E+01    0.203E+01
     251  0.653116E+00  0.538967E+01    0.100E+01    0.203E+01
     252  0.565657E+00  0.539018E+01    0.100E+01    0.203E+01
     253  0.495856E+00  0.542237E+01    0.100E+01    0.203E+01
     254  0.423214E+00  0.548819E+01    0.100E+01    0.203E+01
     255  0.343179E+00  0.553796E+01    0.100E+01    0.203E+01
     256  0.259493E+00  0.556916E+01    0.100E+01    0.203E+01
     257  0.182136E+00  0.557300E+01    0.100E+01    0.203E+01
     258  0.107353E+00  0.555823E+01    0.100E+01    0.203E+01
     259  0.338282E-01  0.556068E+01    0.100E+01    0.203E+01
     260  0.623943E+01  0.558492E+01    0.100E+01    0.203E+01
     261  0.616618E+01  0.560048E+01    0.100E+01    0.203E+01
     262  0.609294E+01  0.560613E+01    0.100E+01    0.203E+01
     263  0.602081E+01  0.560001E+01    0.100E+01    0.203E+01
     264  0.598105E+01  0.553713E+01    0.100E+01    0.203E+01
     265  0.604970E+01  0.546789E+01    0.100E+01    0.203E+01
     266  0.603045E+01  0.536540E+01    0.100E+01    0.203E+01
     267  0.604404E+01  0.525389E+01    0.100E+01    0.203E+01
     268  0.606618E+01  0.513841E+01    0.100E+01    0.203E+01
     269  0.600700E+01  0.504619E+01    0.100E+01    0.203E+01
     270  0.595378E+01  0.495506E+01    0.100E+01    0.203E+01
     271  0.595891E+01  0.485848E+01    0.100E+01    0.203E+01
     272  0.603524E+01  0.480390E+01    0.100E+01    0.203E+01
     273  0.612133E+01  0.480234E+01    0.100E+01    0.203E+01
     274  0.620304E+01  0.484579E+01    0.100E+01    0.203E+01
     275  0.628067E+01  0.490369E+01    0.100E+01    0.203E+01
     276  0.694436E-01  0.497444E+01    0.100E+01    0.203E+01
     277  0.132286E+00  0.506138E+01    0.100E+01    0.203E+01
     278  0.186144E+00  0.514877E+01    0.100E+01    0.203E+01
     279  0.186651E+00  0.525236E+01    0.100E+01    0.203E+01
     280  0.132107E+00  0.534993E+01    0.100E+01    0.203E+01
     281  0.963677E-01  0.546204E+01    0.100E+01    0.203E+01
     282  0.119440E+00  0.558148E+01    0.100E+01    0.203E+01
     283  0.149769E+00  0.569802E+01    0.100E+01    0.203E+01
     284  0.162984E+00  0.582087E+01    0.100E+01    0.203E+01
     285  0.158138E+00  0.594374E+01    0.100E+01    0.203E+01
     286  0.109053E+00  0.604569E+01    0.100E+01    0.203E+01
     287  0.465372E-01  0.613331E+01    0.100E+01    0.203E+01
     288  0.170599E-01  0.625085E+01    0.100E+01    0.203E+01
     289  0.627827E+01  0.637324E+01    0.100E+01    0.203E+01
     290  0.624579E+01  0.647401E+01    0.100E+01    0.203E+01
     291  0.620510E+01  0.656343E+01    0.100E+01    0.203E+01
     292  0.614229E+01  0.664231E+01    0.100E+01    0.203E+01
     293  0.606270E+01  0.669334E+01    0.100E+01    0.203E+01
     294  0.598158E+01  0.673866E+01    0.100E+01    0.203E+01
     295  0.589854E+01  0.677688E+01    0.100E+01    0.203E+01
     296  0.581141E+01  0.678224E+01    0.100E+01    0.203E+01
     297  0.572465E+01  0.676502E+01    0.100E+01    0.203E+01
     298  0.563859E+01  0.674315E+01    0.100E+01    0.203E+01
     299  0.555412E+01  0.671232E+01    0.100E+01    0.203E+01
     300  0.547075E+01  0.667505E+01    0.100E+01    0.203E+01
     301  0.539000E+01  0.662791E+01    0.100E+01    0.203E+01
     302  0.531827E+01  0.655828E+01    0.100E+01    0.203E+01
     303  0.526366E+01  0.646138E+01    0.100E+01    0.203E+01
     304  0.521053E+01  0.636191E+01    0.100E+01    0.203E+01
     305  0.514289E+01  0.627924E+01    0.100E+01    0.203E+01
     306  0.506897E+01  0.622510E+01    0.100E+01    0.203E+01
     307  0.498977E+01  0.618926E+01    0.100E+01    0.203E+01
     308  0.491387E+01  0.616252E+01    0.100E+01    0.203E+01
     309  0.484542E+01  0.612397E+01    0.100E+01    0.203E+01
     310  0.478437E+01  0.606816E+01    0.100E+01    0.203E+01
     311  0.472166E+01  0.600375E+01    0.100E+01    0.203E+01
     312  0.465928E+01  0.594749E+01    0.100E+01    0.203E+01
     313  0.460875E+01  0.587368E+01    0.100E+01    0.203E+01
     314  0.458839E+01  0.577404E+01    0.100E+01    0.203E+01
     315  0.461579E+01  0.568003E+01    0.100E+01    0.203E+01
     316  0.468073E+01  0.563710E+01    0.100E+01    0.203E+01
     317  0.476250E+01  0.565260E+01    0.100E+01    0.203E+01
     318  0.484864E+01  0.567431E+01    0.100E+01    0.203E+01
     319  0.493585E+01  0.568000E+01    0.100E+01    0.203E+01
     320  0.502305E+01  0.567256E+01    0.100E+01    0.203E+01
     321  0.511063E+01  0.566953E+01    0.100E+01    0.203E+01
     322  0.519819E+01  0.567076E+01    0.100E+01    0.203E+01
     323  0.528575E+01  0.567052E+01    0.100E+01    0.203E+01
     324  0.537321E+01  0.567331E+01    0.100E+01    0.203E+01
     325  0.545826E+01  0.569009E+01    0.100E+01    0.203E+01
     326  0.553810E+01  0.573741E+01    0.100E+01    0.203E+01
     327  0.561556E+01  0.579536E+01    0.100E+01    0.203E+01
     328  0.569614E+01  0.584394E+01    0.100E+01    0.203E+01
     329  0.577409E+01  0.588664E+01    0.100E+01    0.203E+01
     330  0.581073E+01  0.596850E+01    0.100E+01    0.203E+01
     331  0.577440E+01  0.606488E+01    0.100E+01    0.203E+01
     332  0.573785E+01  0.615180E+01    0.100E+01    0.203E+01
     333  0.568427E+01  0.623119E+01    0.100E+01    0.203E+01
     334  0.561447E+01  0.630941E+01    0.100E+01    0.203E+01
     335  0.556161E+01  0.639464E+01    0.100E+01    0.203E+01
     336  0.549989E+01  0.648121E+01    0.100E+01    0.203E+01
     337  0.541777E+01  0.652140E+01    0.100E+01    0.203E+01
     338  0.533015E+01  0.652447E+01    0.100E+01    0.203E+01
     339  0.524239E+01  0.651891E+01    0.100E+01    0.203E+01
     340  0.515603E+01  0.650292E+01    0.100E+01    0.203E+01
     341  0.507091E+01  0.647670E+01    0.100E+01    0.203E+01
     342  0.498395E+01  0.646695E+01    0.100E+01    0.203E+01
     343  0.489671E+01  0.647235E+01    0.100E+01    0.203E+01
     344  0.481002E+01  0.648235E+01    0.100E+01    0.203E+01
     345  0.472317E+01  0.649113E+01    0.100E+01    0.203E+01
     346  0.463664E+01  0.649160E+01    0.100E+01    0.203E+01
     347  0.454956E+01  0.648849E+01    0.100E+01    0.203E+01
     348  0.446261E+01  0.649524E+01    0.100E+01    0.203E+01
     349  0.437735E+01  0.652049E+01    0.100E+01    0.203E+01
     350  0.429259E+01  0.655220E+01    0.100E+01    0.203E+01
     351  0.420652E+01  0.657319E+01    0.100E+01    0.203E+01
     352  0.412392E+01  0.659254E+01    0.100E+01    0.203E+01
     353  0.404903E+01  0.662849E+01    0.100E+01    0.203E+01
     354  0.397450E+01  0.668665E+01    0.100E+01    0.203E+01
     355  0.389827E+01  0.674747E+01    0.100E+01    0.203E+01
     356  0.381764E+01  0.679561E+01    0.100E+01    0.203E+01
     357  0.373266E+01  0.682439E+01    0.100E+01    0.203E+01
     358  0.364659E+01  0.684594E+01    0.100E+01    0.203E+01
     359  0.356112E+01  0.687348E+01    0.100E+01    0.203E+01
     360  0.347555E+01  0.690184E+01    0.100E+01    0.203E+01
     361  0.338892E+01  0.692371E+01    0.100E+01    0.203E+01
     362  0.330175E+01  0.693685E+01    0.100E+01    0.203E+01
     363  0.321459E+01  0.694367E+01    0.100E+01    0.203E+01
     364  0.312745E+01  0.694310E+01    0.100E+01    0.203E+01
     365  0.303923E+01  0.694656E+01    0.100E+01    0.203E+01
     366  0.294933E+01  0.697208E+01    0.100E+01    0.203E+01
     367  0.286608E+01  0.701577E+01    0.100E+01    0.203E+01
     368  0.278588E+01  0.705729E+01    0.100E+01    0.203E+01
     369  0.270194E+01  0.709302E+01    0.100E+01    0.203E+01
     370  0.261609E+01  0.711711E+01    0.100E+01    0.203E+01
     371  0.253006E+01  0.712949E+01    0.100E+01    0.203E+01
     372  0.244299E+01  0.712562E+01    0.100E+01    0.203E+01
     373  0.235827E+01  0.709909E+01    0.100E+01    0.203E+01
     374  0.228035E+01  0.704880E+01    0.100E+01    0.203E+01
     375  0.220590E+01  0.698202E+01    0.100E+01    0.203E+01
     376  0.214203E+01  0.690936E+01    0.100E+01    0.203E+01
     377  0.208760E+01  0.683775E+01    0.100E+01    0.203E+01
     378  0.203387E+01  0.676715E+01    0.100E+01    0.203E+01
     379  0.199072E+01  0.668285E+01    0.100E+01    0.203E+01
     380  0.196602E+01  0.657876E+01    0.100E+01    0.203E+01
     381  0.194681E+01  0.645949E+01    0.100E+01    0.203E+01
     382  0.192071E+01  0.634073E+01    0.100E+01    0.203E+01
     383  0.188658E+01  0.622911E+01    0.100E+01    0.203E+01
     384  0.183634E+01  0.614680E+01    0.100E+01    0.203E+01
     385  0.175651E+01  0.610975E+01    0.100E+01    0.203E+01
     386  0.166903E+01  0.611261E+01    0.100E+01    0.203E+01
     387  0.158176E+01  0.612402E+01    0.100E+01    0.203E+01
     388  0.149496E+01  0.613665E+01    0.100E+01    0.203E+01
     389  0.140903E+01  0.615875E+01    0.100E+01    0.203E+01
     390  0.132388E+01  0.618811E+01    0.100E+01    0.203E+01
     391  0.123723E+01  0.620664E+01    0.100E+01    0.203E+01
     392  0.114915E+01  0.621115E+01    0.100E+01    0.203E+01
     393  0.106200E+01  0.620979E+01    0.100E+01    0.203E+01
     394  0.980132E+00  0.620548E+01    0.100E+01    0.203E+01
     395  0.913640E+00  0.617186E+01    0.100E+01    0.203E+01
     396  0.946521E+00  0.608792E+01    0.100E+01    0.203E+01
     397  0.100201E+01  0.602258E+01    0.100E+01    0.203E+01
     398  0.952293E+00  0.593070E+01    0.100E+01    0.203E+01
     399  0.920593E+00  0.583489E+01    0.100E+01    0.203E+01
     400  0.920347E+00  0.571909E+01    0.100E+01    0.203E+01
     401  0.853886E+00  0.564023E+01    0.100E+01    0.203E+01
     402  0.778649E+00  0.557750E+01    0.100E+01    0.203E+01
     403  0.710545E+00  0.549998E+01    0.100E+01    0.203E+01
     404  0.652859E+00  0.541891E+01    0.100E+01    0.203E+01
     405  0.606199E+00  0.534053E+01    0.100E+01    0.203E+01
     406  0.527827E+00  0.528794E+01    0.100E+01    0.203E+01
     407  0.441188E+00  0.528225E+01    0.100E+01    0.203E+01
     408  0.356935E+00  0.531396E+01    0.100E+01    0.203E+01
     409  0.311660E+00  0.539305E+01    0.100E+01    0.203E+01
     410  0.311783E+00  0.549599E+01    0.100E+01    0.203E+01
     411  0.310891E+00  0.560442E+01    0.100E+01    0.203E+01
     412  0.328396E+00  0.572305E+01    0.100E+01    0.203E+01
     413  0.385262E+00  0.581730E+01    0.100E+01    0.203E+01
     414  0.397963E+00  0.592116E+01    0.100E+01    0.203E+01
     415  0.368473E+00  0.604119E+01    0.100E+01    0.203E+01
     416  0.351296E+00  0.615856E+01    0.100E+01    0.203E+01
     417  0.336084E+00  0.628164E+01    0.100E+01    0.203E+01
     418  0.325355E+00  0.640691E+01    0.100E+01    0.203E+01
     419  0.300409E+00  0.652621E+01    0.100E+01    0.203E+01
     420  0.239410E+00  0.661341E+01    0.100E+01    0.203E+01
     421  0.160798E+00  0.666832E+01    0.100E+01    0.203E+01
     422  0.916374E-01  0.671196E+01    0.100E+01    0.203E+01
     423  0.288607E-01  0.676381E+01    0.100E+01    0.203E+01
     424  0.625710E+01  0.683384E+01    0.100E+01    0.203E+01
     425  0.624732E+01  0.693104E+01    0.100E+01    0.203E+01
     426  0.299682E-02  0.702265E+01    0.100E+01    0.203E+01
     427  0.184922E-01  0.712268E+01    0.100E+01    0.203E+01
     428  0.628011E+01  0.722382E+01    0.100E+01    0.203E+01
     429  0.622582E+01  0.730407E+01    0.100E+01    0.203E+01
     430  0.614002E+01  0.732644E+01    0.100E+01    0.203E+01
     431  0.605243E+01  0.732828E+01    0.100E+01    0.203E+01
     432  0.596503E+01  0.733021E+01    0.100E+01    0.203E+01
     433  0.587775E+01  0.733009E+01    0.100E+01    0.203E+01
     434  0.579036E+01  0.732479E+01    0.100E+01    0.203E+01
     435  0.570325E+01  0.731501E+01    0.100E+01    0.203E+01
     436  0.561619E+01  0.730222E+01    0.100E+01    0.203E+01
     437  0.552888E+01  0.729018E+01    0.100E+01    0.203E+01
     438  0.544130E+01  0.728101E+01    0.100E+01    0.203E+01
     439  0.536544E+01  0.727815E+01    0.100E+01    0.203E+01
     440  0.528277E+01  0.726912E+01    0.100E+01    0.203E+01
     441  0.519638E+01  0.724971E+01    0.100E+01    0.203E+01
     442  0.511090E+01  0.722359E+01    0.100E+01    0.203E+01
     443  0.502510E+01  0.719656E+01    0.100E+01    0.203E+01
     444  0.493836E+01  0.717854E+01    0.100E+01    0.203E+01
     445  0.485042E+01  0.717060E+01    0.100E+01    0.203E+01
     446  0.476278E+01  0.716805E+01    0.100E+01    0.203E+01
     447  0.467531E+01  0.717195E+01    0.100E+01    0.203E+01
     448  0.458778E+01  0.717883E+01    0.100E+01    0.203E+01
     449  0.449993E+01  0.718147E+01    0.100E+01    0.203E+01
     450  0.441210E+01  0.717549E+01    0.100E+01    0.203E+01
     451  0.432478E+01  0.716148E+01    0.100E+01    0.203E+01
     452  0.423838E+01  0.714239E+01    0.100E+01    0.203E+01
     453  0.415175E+01  0.712443E+01    0.100E+01    0.203E+01
     454  0.406468E+01  0.711219E+01    0.100E+01    0.203E+01
     455  0.397723E+01  0.710437E+01    0.100E+01    0.203E+01
     456  0.388966E+01  0.710492E+01    0.100E+01    0.203E+01
     457  0.380706E+01  0.712356E+01    0.100E+01    0.203E+01
     458  0.374679E+01  0.717352E+01    0.100E+01    0.203E+01
     459  0.369802E+01  0.725178E+01    0.100E+01    0.203E+01
     460  0.368185E+01  0.734676E+01    0.100E+01    0.203E+01
     461  0.367195E+01  0.744701E+01    0.100E+01    0.203E+01
     462  0.364700E+01  0.755849E+01    0.100E+01    0.203E+01
     463  0.359335E+01  0.765595E+01    0.100E+01    0.203E+01
     464  0.351790E+01  0.771402E+01    0.100E+01    0.203E+01
     465  0.343085E+01  0.771765E+01    0.100E+01    0.203E+01
     466  0.334542E+01  0.769429E+01    0.100E+01    0.203E+01
     467  0.325938E+01  0.767334E+01    0.100E+01    0.203E+01
     468  0.317307E+01  0.765141E+01    0.100E+01    0.203E+01
     469  0.308817E+01  0.762076E+01    0.100E+01    0.203E+01
     470  0.300427E+01  0.758353E+01    0.100E+01    0.203E+01
     471  0.292141E+01  0.754360E+01    0.100E+01    0.203E+01
     472  0.283900E+01  0.750215E+01    0.100E+01    0.203E+01
     473  0.275894E+01  0.745570E+01    0.100E+01    0.203E+01
     474  0.269910E+01  0.739096E+01    0.100E+01    0.203E+01
     475  0.267854E+01  0.729109E+01    0.100E+01    0.203E+01
     476  0.270937E+01  0.718311E+01    0.100E+01    0.203E+01
     477  0.272600E+01  0.708084E+01    0.100E+01    0.203E+01
     478  0.271104E+01  0.697567E+01    0.100E+01    0.203E+01
     479  0.270991E+01  0.685675E+01    0.100E+01    0.203E+01
     480  0.271885E+01  0.673228E+01    0.100E+01    0.203E+01
     481  0.272720E+01  0.660752E+01    0.100E+01    0.203E+01
     482  0.274240E+01  0.649862E+01    0.100E+01    0.203E+01
     483  0.279014E+01  0.641893E+01    0.100E+01    0.203E+01
     484  0.287325E+01  0.640321E+01    0.100E+01    0.203E+01
     485  0.295582E+01  0.644266E+01    0.100E+01    0.203E+01
     486  0.302834E+01  0.651336E+01    0.100E+01    0.203E+01
     487  0.308123E+01  0.660390E+01    0.100E+01    0.203E+01
     488  0.310949E+01  0.670874E+01    0.100E+01    0.203E+01
     489  0.313196E+01  0.681469E+01    0.100E+01    0.203E+01
     490  0.318220E+01  0.690536E+01    0.100E+01    0.203E+01
     491  0.326396E+01  0.694824E+01    0.100E+01    0.203E+01
     492  0.333195E+01  0.699928E+01    0.100E+01    0.203E+01
     493  0.331314E+01  0.710959E+01    0.100E+01    0.203E+01
     494  0.333149E+01  0.720437E+01    0.100E+01    0.203E+01
     495  0.337485E+01  0.729073E+01    0.100E+01    0.203E+01
     496  0.335092E+01  0.738817E+01    0.100E+01    0.203E+01
     497  0.335047E+01  0.748844E+01    0.100E+01    0.203E+01
     498  0.341473E+01  0.756838E+01    0.100E+01    0.203E+01
     499  0.348620E+01  0.763930E+01    0.100E+01    0.203E+01
     500  0.357179E+01  0.766533E+01    0.100E+01    0.203E+01
     501  0.365960E+01  0.766505E+01    0.100E+01    0.203E+01
     502  0.374628E+01  0.765184E+01    0.100E+01    0.203E+01
     503  0.381415E+01  0.761227E+01    0.100E+01    0.203E+01
     504  0.379419E+01  0.751332E+01    0.100E+01    0.203E+01
     505  0.376590E+01  0.741678E+01    0.100E+01    0.203E+01
     506  0.380729E+01  0.730621E+01    0.100E+01    0.203E+01
     507  0.381061E+01  0.718205E+01    0.100E+01    0.203E+01
     508  0.380997E+01  0.705809E+01    0.100E+01    0.203E+01
     509  0.382628E+01  0.693371E+01    0.100E+01    0.203E+01
     510  0.383881E+01  0.681254E+01    0.100E+01    0.203E+01
     511  0.386078E+01  0.668981E+01    0.100E+01    0.203E+01
     512  0.389265E+01  0.658118E+01    0.100E+01    0.203E+01
     513  0.392012E+01  0.648489E+01    0.100E+01    0.203E+01
     514  0.393279E+01  0.638274E+01    0.100E+01    0.203E+01
     515  0.391881E+01  0.628530E+01    0.100E+01    0.203E+01
     516  0.390453E+01  0.618243E+01    0.100E+01    0.203E+01
     517  0.392386E+01  0.608656E+01    0.100E+01    0.203E+01
     518  0.399584E+01  0.604278E+01    0.100E+01    0.203E+01
     519  0.408162E+01  0.606269E+01    0.100E+01    0.203E+01
     520  0.416017E+01  0.611648E+01    0.100E+01    0.203E+01
     521  0.423681E+01  0.617611E+01    0.100E+01    0.203E+01
     522  0.430382E+01  0.626121E+01    0.100E+01    0.203E+01
     523  0.431216E+01  0.638633E+01    0.100E+01    0.203E+01
     524  0.430199E+01  0.650937E+01    0.100E+01    0.203E+01
     525  0.431203E+01  0.661476E+01    0.100E+01    0.203E+01
     526  0.431540E+01  0.671912E+01    0.100E+01    0.203E+01
     527  0.433011E+01  0.682146E+01    0.100E+01    0.203E+01
     528  0.436952E+01  0.690896E+01    0.100E+01    0.203E+01
     529  0.438813E+01  0.701146E+01    0.100E+01    0.203E+01
     530  0.436649E+01  0.711901E+01    0.100E+01    0.203E+01
     531  0.432282E+01  0.722560E+01    0.100E+01    0.203E+01
     532  0.428061E+01  0.733648E+01    0.100E+01    0.203E+01
     533  0.426780E+01  0.745787E+01    0.100E+01    0.203E+01
     534  0.429169E+01  0.757876E+01    0.100E+01    0.203E+01
     535  0.430299E+01  0.769123E+01    0.100E+01    0.203E+01
     536  0.426224E+01  0.779352E+01    0.100E+01    0.203E+01
     537  0.418480E+01  0.784785E+01    0.100E+01    0.203E+01
     538  0.409791E+01  0.785591E+01    0.100E+01    0.203E+01
     539  0.401045E+01  0.785172E+01    0.100E+01    0.203E+01
     540  0.392220E+01  0.784484E+01    0.100E+01    0.203E+01
     541  0.383565E+01  0.782580E+01    0.100E+01    0.203E+01
     542  0.376499E+01  0.777302E+01    0.100E+01    0.203E+01
     543  0.375902E+01  0.767336E+01    0.100E+01    0.203E+01
     544  0.373947E+01  0.755433E+01    0.100E+01    0.203E+01
     545  0.372181E+01  0.744602E+01    0.100E+01    0.203E+01
     546  0.376434E+01  0.736340E+01    0.100E+01    0.203E+01
     547  0.377649E+01  0.726282E+01    0.100E+01    0.203E+01
     548  0.378576E+01  0.714392E+01    0.100E+01    0.203E+01
     549  0.381879E+01  0.702773E+01    0.100E+01    0.203E+01
     550  0.383538E+01  0.690487E+01    0.100E+01    0.203E+01
     551  0.384805E+01  0.678123E+01    0.100E+01    0.203E+01
     552  0.385584E+01  0.665039E+01    0.100E+01    0.203E+01
     553  0.385323E+01  0.653628E+01    0.100E+01    0.203E+01
     554  0.382253E+01  0.644403E+01    0.100E+01    0.203E+01
     555  0.377986E+01  0.634242E+01    0.100E+01    0.203E+01
     556  0.376660E+01  0.622636E+01    0.100E+01    0.203E+01
     557  0.374931E+01  0.612482E+01    0.100E+01    0.203E+01
     558  0.371021E+01  0.603689E+01    0.100E+01    0.203E+01
     559  0.365831E+01  0.596417E+01    0.100E+01    0.203E+01
     560  0.358883E+01  0.595005E+01    0.100E+01    0.203E+01
     561  0.352600E+01  0.602161E+01    0.100E+01    0.203E+01
     562  0.347313E+01  0.612120E+01    0.100E+01    0.203E+01
     563  0.342681E+01  0.622720E+01    0.100E+01    0.203E+01
     564  0.337951E+01  0.633227E+01    0.100E+01    0.203E+01
     565  0.331667E+01  0.641916E+01    0.100E+01    0.203E+01
     566  0.324435E+01  0.648827E+01    0.100E+01    0.203E+01
     567  0.316971E+01  0.655304E+01    0.100E+01    0.203E+01
     568  0.308713E+01  0.659308E+01    0.100E+01    0.203E+01
     569  0.300155E+01  0.662020E+01    0.100E+01    0.203E+01
     570  0.292905E+01  0.666897E+01    0.100E+01    0.203E+01
     571  0.294161E+01  0.676025E+01    0.100E+01    0.203E+01
     572  0.297445E+01  0.685408E+01    0.100E+01    0.203E+01
     573  0.293553E+01  0.696513E+01    0.100E+01    0.203E+01
     574  0.291187E+01  0.708441E+01    0.100E+01    0.203E+01
     575  0.286004E+01  0.718315E+01    0.100E+01    0.203E+01
     576  0.278163E+01  0.723825E+01    0.100E+01    0.203E+01
     577  0.269999E+01  0.728043E+01    0.100E+01    0.203E+01
     578  0.264751E+01  0.735035E+01    0.100E+01    0.203E+01
     579  0.265091E+01  0.745737E+01    0.100E+01    0.203E+01
     580  0.267513E+01  0.755511E+01    0.100E+01    0.203E+01
     581  0.266454E+01  0.765728E+01    0.100E+01    0.203E+01
     582  0.263676E+01  0.775485E+01    0.100E+01    0.203E+01
     583  0.262289E+01  0.785813E+01    0.100E+01    0.203E+01
     584  0.259706E+01  0.795603E+01    0.100E+01    0.203E+01
     585  0.253681E+01  0.801292E+01    0.100E+01    0.203E+01
     586  0.246785E+01  0.800390E+01    0.100E+01    0.203E+01
     587  0.240386E+01  0.794661E+01    0.100E+01    0.203E+01
     588  0.235558E+01  0.784662E+01    0.100E+01    0.203E+01
     589  0.231940E+01  0.773270E+01    0.100E+01    0.203E+01
     590  0.227363E+01  0.762578E+01    0.100E+01    0.203E+01
     591  0.222522E+01  0.752134E+01    0.100E+01    0.203E+01
     592  0.217746E+01  0.741659E+01    0.100E+01    0.203E+01
     593  0.212297E+01  0.731867E+01    0.100E+01    0.203E+01
     594  0.205228E+01  0.724526E+01    0.100E+01    0.203E+01
     595  0.198105E+01  0.717455E+01    0.100E+01    0.203E+01
     596  0.193752E+01  0.706758E+01    0.100E+01    0.203E+01
     597  0.193501E+01  0.694217E+01    0.100E+01    0.203E+01
     598  0.195688E+01  0.682244E+01    0.100E+01    0.203E+01
     599  0.199513E+01  0.673154E+01    0.100E+01    0.203E+01
     600  0.206243E+01  0.667491E+01    0.100E+01    0.203E+01
     601  0.214852E+01  0.665379E+01    0.100E+01    0.203E+01
     602  0.223448E+01  0.663616E+01    0.100E+01    0.203E+01
     603  0.231728E+01  0.659667E+01    0.100E+01    0.203E+01
     604  0.238392E+01  0.653616E+01    0.100E+01    0.203E+01
     605  0.240104E+01  0.643840E+01    0.100E+01    0.203E+01
     606  0.239490E+01  0.633341E+01    0.100E+01    0.203E+01
     607  0.243201E+01  0.624590E+01    0.100E+01    0.203E+01
     608  0.249770E+01  0.622115E+01    0.100E+01    0.203E+01
     609  0.257366E+01  0.626358E+01    0.100E+01    0.203E+01
     610  0.263697E+01  0.634752E+01    0.100E+01    0.203E+01
     611  0.264694E+01  0.646892E+01    0.100E+01    0.203E+01
     612  0.262804E+01  0.658377E+01    0.100E+01    0.203E+01
     613  0.263264E+01  0.668405E+01    0.100E+01    0.203E+01
     614  0.260555E+01  0.678386E+01    0.100E+01    0.203E+01
     615  0.259339E+01  0.689146E+01    0.100E+01    0.203E+01
     616  0.261041E+01  0.698540E+01    0.100E+01    0.203E+01
     617  0.263560E+01  0.709587E+01    0.100E+01    0.203E+01
     618  0.265167E+01  0.721719E+01    0.100E+01    0.203E+01
     619  0.263681E+01  0.732728E+01    0.100E+01    0.203E+01
     620  0.264625E+01  0.742589E+01    0.100E+01    0.203E+01
     621  0.270163E+01  0.751038E+01    0.100E+01    0.203E+01
     622  0.268256E+01  0.761019E+01    0.100E+01    0.203E+01
     623  0.269678E+01  0.771112E+01    0.100E+01    0.203E+01
     624  0.273945E+01  0.780850E+01    0.100E+01    0.203E+01
     625  0.274327E+01  0.791207E+01    0.100E+01    0.203E+01
     626  0.278088E+01  0.799811E+01    0.100E+01    0.203E+01
     627  0.285356E+01  0.802804E+01    0.100E+01    0.203E+01
     628  0.293785E+01  0.803082E+01    0.100E+01    0.203E+01
     629  0.301388E+01  0.801605E+01    0.100E+01    0.203E+01
     630  0.309087E+01  0.797854E+01    0.100E+01    0.203E+01
     631  0.317187E+01  0.792399E+01    0.100E+01    0.203E+01
     632  0.323759E+01  0.786630E+01    0.100E+01    0.203E+01
     633  0.330527E+01  0.779724E+01    0.100E+01    0.203E+01
     634  0.338044E+01  0.773231E+01    0.100E+01    0.203E+01
     635  0.343998E+01  0.765974E+01    0.100E+01    0.203E+01
     636  0.344431E+01  0.755626E+01    0.100E+01    0.203E+01
     637  0.342404E+01  0.745632E+01    0.100E+01    0.203E+01
     638  0.340483E+01  0.735418E+01    0.100E+01    0.203E+01
     639  0.334854E+01  0.725780E+01    0.100E+01    0.203E+01
     640  0.331176E+01  0.714595E+01    0.100E+01    0.203E+01
     641  0.330473E+01  0.702100E+01    0.100E+01    0.203E+01
     642  0.328259E+01  0.689994E+01    0.100E+01    0.203E+01
     643  0.325795E+01  0.678540E+01    0.100E+01    0.203E+01
     644  0.324381E+01  0.668128E+01    0.100E+01    0.203E+01
     645  0.325587E+01  0.657822E+01    0.100E+01    0.203E+01
     646  0.326049E+01  0.647404E+01    0.100E+01    0.203E+01
     647  0.322800E+01  0.637151E+01    0.100E+01    0.203E+01
     648  0.318987E+01  0.626371E+01    0.100E+01    0.203E+01
     649  0.318689E+01  0.616022E+01    0.100E+01    0.203E+01
     650  0.319912E+01  0.605714E+01    0.100E+01    0.203E+01
     651  0.316373E+01  0.596910E+01    0.100E+01    0.203E+01
     652  0.309431E+01  0.596204E+01    0.100E+01    0.203E+01
     653  0.304744E+01  0.605394E+01    0.100E+01    0.203E+01
     654  0.299618E+01  0.615486E+01    0.100E+01    0.203E+01
     655  0.294706E+01  0.625860E+01    0.100E+01    0.203E+01
     656  0.289458E+01  0.635895E+01    0.100E+01    0.203E+01
     657  0.283580E+01  0.645160E+01    0.100E+01    0.203E+01
     658  0.276144E+01  0.651387E+01    0.100E+01    0.203E+01
     659  0.267351E+01  0.652376E+01    0.100E+01    0.203E+01
     660  0.259308E+01  0.655066E+01    0.100E+01    0.203E+01
     661  0.258070E+01  0.665876E+01    0.100E+01    0.203E+01
     662  0.252349E+01  0.674848E+01    0.100E+01    0.203E+01
     663  0.244074E+01  0.678571E+01    0.100E+01    0.203E+01
     664  0.235376E+01  0.679261E+01    0.100E+01    0.203E+01
     665  0.228928E+01  0.683152E+01    0.100E+01    0.203E+01
     666  0.232348E+01  0.693692E+01    0.100E+01    0.203E+01
     667  0.227182E+01  0.702120E+01    0.100E+01    0.203E+01
     668  0.229281E+01  0.713041E+01    0.100E+01    0.203E+01
     669  0.227771E+01  0.725009E+01    0.100E+01    0.203E+01
     670  0.226654E+01  0.737272E+01    0.100E+01    0.203E+01
     671  0.229409E+01  0.748809E+01    0.100E+01    0.203E+01
     672  0.234028E+01  0.759147E+01    0.100E+01    0.203E+01
     673  0.238212E+01  0.767764E+01    0.100E+01    0.203E+01
     674  0.234699E+01  0.775556E+01    0.100E+01    0.203E+01
     675  0.230038E+01  0.783243E+01    0.100E+01    0.203E+01
     676  0.233562E+01  0.792138E+01    0.100E+01    0.203E+01
     677  0.236701E+01  0.801069E+01    0.100E+01    0.203E+01
     678  0.232050E+01  0.809425E+01    0.100E+01    0.203E+01
     679  0.229530E+01  0.818723E+01    0.100E+01    0.203E+01
     680  0.234649E+01  0.826157E+01    0.100E+01    0.203E+01
     681  0.241858E+01  0.827273E+01    0.100E+01    0.203E+01
     682  0.249833E+01  0.824086E+01    0.100E+01    0.203E+01
     683  0.258297E+01  0.820861E+01    0.100E+01    0.203E+01
     684  0.266870E+01  0.818068E+01    0.100E+01    0.203E+01
     685  0.274496E+01  0.812382E+01    0.100E+01    0.203E+01
     686  0.278875E+01  0.801559E+01    0.100E+01    0.203E+01
     687  0.279305E+01  0.789021E+01    0.100E+01    0.203E+01
     688  0.272377E+01  0.781542E+01    0.100E+01    0.203E+01
     689  0.269253E+01  0.770561E+01    0.100E+01    0.203E+01
     690  0.269003E+01  0.758103E+01    0.100E+01    0.203E+01
     691  0.268857E+01  0.745685E+01    0.100E+01    0.203E+01
     692  0.267446E+01  0.733754E+01    0.100E+01    0.203E+01
     693  0.261713E+01  0.724366E+01    0.100E+01    0.203E+01
     694  0.261225E+01  0.713655E+01    0.100E+01    0.203E+01
     695  0.261547E+01  0.702535E+01    0.100E+01    0.203E+01
     696  0.256973E+01  0.691829E+01    0.100E+01    0.203E+01
     697  0.255562E+01  0.679379E+01    0.100E+01    0.203E+01
     698  0.259906E+01  0.668924E+01    0.100E+01    0.203E+01
     699  0.260967E+01  0.658770E+01    0.100E+01    0.203E+01
     700  0.262954E+01  0.649467E+01    0.100E+01    0.203E+01
     701  0.261484E+01  0.639313E+01    0.100E+01    0.203E+01
     702  0.258385E+01  0.629226E+01    0.100E+01    0.203E+01
     703  0.258094E+01  0.618912E+01    0.100E+01    0.203E+01
     704  0.254489E+01  0.609848E+01    0.100E+01    0.203E+01
     705  0.249080E+01  0.602084E+01    0.100E+01    0.203E+01
     706  0.241351E+01  0.596744E+01    0.100E+01    0.203E+01
     707  0.232665E+01  0.597985E+01    0.100E+01    0.203E+01
     708  0.224221E+01  0.601329E+01    0.100E+01    0.203E+01
     709  0.215975E+01  0.605419E+01    0.100E+01    0.203E+01
     710  0.207491E+01  0.608535E+01    0.100E+01    0.203E+01
     711  0.198856E+01  0.610669E+01    0.100E+01    0.203E+01
     712  0.191149E+01  0.614697E+01    0.100E+01    0.203E+01
     713  0.189145E+01  0.624124E+01    0.100E+01    0.203E+01
     714  0.188422E+01  0.636388E+01    0.100E+01    0.203E+01
     715  0.186523E+01  0.648961E+01    0.100E+01    0.203E+01
     716  0.186604E+01  0.661530E+01    0.100E+01    0.203E+01
     717  0.183243E+01  0.672842E+01    0.100E+01    0.203E+01
     718  0.176249E+01  0.680237E+01    0.100E+01    0.203E+01
     719  0.168036E+01  0.684729E+01    0.100E+01    0.203E+01
     720  0.159817E+01  0.689056E+01    0.100E+01    0.203E+01
     721  0.151674E+01  0.693570E+01    0.100E+01    0.203E+01
     722  0.144113E+01  0.698117E+01    0.100E+01    0.203E+01
     723  0.139366E+01  0.705717E+01    0.100E+01    0.203E+01
     724  0.139923E+01  0.715914E+01    0.100E+01    0.203E+01
     725  0.143195E+01  0.725309E+01    0.100E+01    0.203E+01
     726  0.149424E+01  0.730634E+01    0.100E+01    0.203E+01
     727  0.156825E+01  0.730274E+01    0.100E+01    0.203E+01
     728  0.163638E+01  0.726684E+01    0.100E+01    0.203E+01
     729  0.166583E+01  0.718198E+01    0.100E+01    0.203E+01
     730  0.159345E+01  0.712955E+01    0.100E+01    0.203E+01
     731  0.152629E+01  0.709338E+01    0.100E+01    0.203E+01
     732  0.148368E+01  0.699560E+01    0.100E+01    0.203E+01
     733  0.139956E+01  0.696055E+01    0.100E+01    0.203E+01
     734  0.131156E+01  0.695942E+01    0.100E+01    0.203E+01
     735  0.122438E+01  0.696941E+01    0.100E+01    0.203E+01
     736  0.113651E+01  0.696946E+01    0.100E+01    0.203E+01
     737  0.105044E+01  0.695091E+01    0.100E+01    0.203E+01
     738  0.970346E+00  0.689979E+01    0.100E+01    0.203E+01
     739  0.909364E+00  0.681084E+01    0.100E+01    0.203E+01
     740  0.845804E+00  0.672370E+01    0.100E+01    0.203E+01
     741  0.784209E+00  0.665482E+01    0.100E+01    0.203E+01
     742  0.771388E+00  0.655901E+01    0.100E+01    0.203E+01
     743  0.840560E+00  0.648535E+01    0.100E+01    0.203E+01
     744  0.894906E+00  0.641200E+01    0.100E+01    0.203E+01
     745  0.946050E+00  0.633774E+01    0.100E+01    0.203E+01
     746  0.100631E+01  0.628055E+01    0.100E+01    0.203E+01
     747  0.107968E+01  0.622443E+01    0.100E+01    0.203E+01
     748  0.110181E+01  0.612832E+01    0.100E+01    0.203E+01
     749  0.107421E+01  0.602987E+01    0.100E+01    0.203E+01
     750  0.104869E+01  0.593182E+01    0.100E+01    0.203E+01
     751  0.104124E+01  0.582625E+01    0.100E+01    0.203E+01
     752  0.103933E+01  0.571759E+01    0.100E+01    0.203E+01
     753  0.104654E+01  0.559508E+01    0.100E+01    0.203E+01
     754  0.110322E+01  0.550464E+01    0.100E+01    0.203E+01
     755  0.117513E+01  0.545777E+01    0.100E+01    0.203E+01
     756  0.123723E+01  0.540312E+01    0.100E+01    0.203E+01
     757  0.128289E+01  0.532280E+01    0.100E+01    0.203E+01
     758  0.134826E+01  0.524529E+01    0.100E+01    0.203E+01
     759  0.143351E+01  0.522121E+01    0.100E+01    0.203E+01
     760  0.151614E+01  0.521873E+01    0.100E+01    0.203E+01
     761  0.158290E+01  0.525294E+01    0.100E+01    0.203E+01
     762  0.158774E+01  0.536471E+01    0.100E+01    0.203E+01
     763  0.161684E+01  0.548197E+01    0.100E+01    0.203E+01
     764  0.163979E+01  0.560933E+01    0.100E+01    0.203E+01
     765  0.164552E+01  0.572844E+01    0.100E+01    0.203E+01
     766  0.165535E+01  0.583119E+01    0.100E+01    0.203E+01
     767  0.169288E+01  0.592418E+01    0.100E+01    0.203E+01
     768  0.176366E+01  0.599668E+01    0.100E+01    0.203E+01
     769  0.184785E+01  0.603103E+01    0.100E+01    0.203E+01
     770  0.193509E+01  0.604746E+01    0.100E+01    0.203E+01
     771  0.200792E+01  0.607447E+01    0.100E+01    0.203E+01
     772  0.202590E+01  0.616811E+01    0.100E+01    0.203E+01
     773  0.196990E+01  0.626240E+01    0.100E+01    0.203E+01
     774  0.196456E+01  0.638639E+01    0.100E+01    0.203E+01
     775  0.194810E+01  0.650954E+01    0.100E+01    0.203E+01
     776  0.194120E+01  0.663399E+01    0.100E+01    0.203E+01
     777  0.193439E+01  0.675447E+01    0.100E+01    0.203E+01
     778  0.192224E+01  0.687506E+01    0.100E+01    0.203E+01
     779  0.191053E+01  0.698650E+01    0.100E+01    0.203E+01
