     1    0.28246E+03    0.44030E-02    0.10452E-02    0.20253E-02    0.00000E+00   -0.25803E+02   -0.25785E+02   -0.25785E+02
     2    0.23823E+03    0.43049E-02    0.13943E-02    0.41484E-02    0.22735E-03   -0.25802E+02   -0.25783E+02   -0.25782E+02
     3    0.26235E+03    0.41419E-02    0.20680E-02    0.11118E-02    0.74909E-03   -0.25801E+02   -0.25783E+02   -0.25783E+02
     4    0.22576E+03    0.41091E-02    0.19092E-02    0.27923E-03    0.10338E-02   -0.25799E+02   -0.25784E+02   -0.25783E+02
     5    0.27111E+03    0.41517E-02    0.19887E-02    0.97689E-03    0.63658E-03   -0.25800E+02   -0.25782E+02   -0.25782E+02
     6    0.36636E+03    0.42914E-02    0.22635E-02    0.20797E-02    0.12728E-02   -0.25803E+02   -0.25781E+02   -0.25779E+02
     7    0.29191E+03    0.39027E-02    0.18027E-02    0.26133E-02    0.55450E-03   -0.25789E+02   -0.25770E+02   -0.25769E+02
     8    0.26772E+03    0.42005E-02    0.10914E-02    0.88600E-03    0.53009E-03   -0.25789E+02   -0.25772E+02   -0.25772E+02
     9    0.36115E+03    0.51373E-02    0.10294E-02    0.32669E-02    0.33758E-03   -0.25799E+02   -0.25776E+02   -0.25776E+02
    10    0.31707E+03    0.50528E-02    0.13457E-02    0.70239E-02    0.10216E-02   -0.25800E+02   -0.25775E+02   -0.25774E+02
    11    0.31338E+03    0.47343E-02    0.22884E-02    0.34568E-02    0.17941E-02   -0.25796E+02   -0.25774E+02   -0.25772E+02
    12    0.39417E+03    0.54992E-02    0.21354E-02    0.71204E-03    0.10110E-02   -0.25797E+02   -0.25774E+02   -0.25773E+02
    13    0.37017E+03    0.54469E-02    0.16933E-02    0.54759E-03    0.27783E-03   -0.25799E+02   -0.25777E+02   -0.25777E+02
    14    0.29660E+03    0.54896E-02    0.20499E-02    0.16544E-02    0.10640E-03   -0.25798E+02   -0.25778E+02   -0.25777E+02
    15    0.35035E+03    0.59567E-02    0.26616E-02    0.13903E-02    0.37848E-03   -0.25801E+02   -0.25778E+02   -0.25778E+02
    16    0.29826E+03    0.45598E-02    0.20112E-02    0.14189E-02    0.77035E-03   -0.25798E+02   -0.25779E+02   -0.25778E+02
    17    0.24746E+03    0.43150E-02    0.14913E-02    0.95485E-03    0.51933E-03   -0.25795E+02   -0.25778E+02   -0.25778E+02
    18    0.28468E+03    0.45533E-02    0.15749E-02    0.11810E-02    0.42736E-03   -0.25795E+02   -0.25777E+02   -0.25776E+02
    19    0.29751E+03    0.49401E-02    0.19871E-02    0.15326E-02    0.33882E-03   -0.25795E+02   -0.25775E+02   -0.25775E+02
    20    0.39732E+03    0.59249E-02    0.14740E-02    0.24918E-02    0.50311E-03   -0.25799E+02   -0.25774E+02   -0.25773E+02
    21    0.30213E+03    0.49663E-02    0.12095E-02    0.45834E-02    0.22523E-03   -0.25802E+02   -0.25780E+02   -0.25779E+02
    22    0.22373E+03    0.46049E-02    0.10073E-02    0.48839E-02    0.74656E-03   -0.25795E+02   -0.25776E+02   -0.25775E+02
    23    0.27759E+03    0.44368E-02    0.13965E-02    0.52088E-02    0.11626E-02   -0.25799E+02   -0.25777E+02   -0.25776E+02
    24    0.25517E+03    0.44416E-02    0.13024E-02    0.47309E-02    0.18847E-02   -0.25799E+02   -0.25779E+02   -0.25777E+02
    25    0.28020E+03    0.49104E-02    0.13121E-02    0.16979E-02    0.20367E-02   -0.25799E+02   -0.25780E+02   -0.25778E+02
    26    0.24045E+03    0.45420E-02    0.15342E-02    0.81306E-03    0.14940E-02   -0.25797E+02   -0.25781E+02   -0.25779E+02
    27    0.22506E+03    0.42942E-02    0.17667E-02    0.27495E-02    0.90339E-03   -0.25798E+02   -0.25780E+02   -0.25780E+02
    28    0.25498E+03    0.44399E-02    0.25460E-02    0.45411E-02    0.67888E-03   -0.25802E+02   -0.25780E+02   -0.25780E+02
    29    0.23119E+03    0.46593E-02    0.22287E-02    0.36363E-02    0.15437E-02   -0.25802E+02   -0.25783E+02   -0.25781E+02
    30    0.24412E+03    0.50487E-02    0.16630E-02    0.19202E-02    0.52614E-02   -0.25803E+02   -0.25785E+02   -0.25779E+02
    31    0.32614E+03    0.51027E-02    0.67771E-03    0.37230E-03    0.97432E-02   -0.25805E+02   -0.25787E+02   -0.25777E+02
    32    0.24937E+03    0.46438E-02    0.15346E-02    0.12366E-02    0.11151E-01   -0.25802E+02   -0.25786E+02   -0.25774E+02
    33    0.37657E+03    0.51517E-02    0.10836E-02    0.98287E-03    0.12015E-01   -0.25807E+02   -0.25785E+02   -0.25773E+02
    34    0.24180E+03    0.40313E-02    0.10130E-02    0.16832E-03    0.11195E-01   -0.25804E+02   -0.25790E+02   -0.25778E+02
    35    0.25046E+03    0.45458E-02    0.12035E-02    0.17723E-03    0.12093E-01   -0.25805E+02   -0.25789E+02   -0.25777E+02
    36    0.33737E+03    0.53385E-02    0.10941E-02    0.84576E-03    0.10764E-01   -0.25809E+02   -0.25789E+02   -0.25778E+02
    37    0.24891E+03    0.47373E-02    0.99918E-03    0.20997E-02    0.64469E-02   -0.25805E+02   -0.25788E+02   -0.25781E+02
    38    0.30191E+03    0.49366E-02    0.12176E-02    0.18726E-02    0.38469E-02   -0.25805E+02   -0.25785E+02   -0.25782E+02
    39    0.27778E+03    0.44909E-02    0.94537E-03    0.22314E-02    0.19647E-02   -0.25801E+02   -0.25783E+02   -0.25781E+02
    40    0.30316E+03    0.46597E-02    0.10109E-02    0.29030E-02    0.14965E-02   -0.25801E+02   -0.25781E+02   -0.25779E+02
    41    0.27629E+03    0.49066E-02    0.78188E-03    0.43359E-02    0.35440E-03   -0.25799E+02   -0.25778E+02   -0.25778E+02
    42    0.20454E+03    0.43283E-02    0.14129E-02    0.57180E-02    0.10968E-02   -0.25794E+02   -0.25775E+02   -0.25774E+02
    43    0.33532E+03    0.52031E-02    0.19422E-02    0.79242E-02    0.68363E-03   -0.25796E+02   -0.25768E+02   -0.25767E+02
    44    0.33566E+03    0.51856E-02    0.11513E-02    0.41084E-02    0.26303E-02   -0.25792E+02   -0.25769E+02   -0.25766E+02
    45    0.38307E+03    0.55506E-02    0.25798E-02    0.32008E-02    0.27419E-02   -0.25794E+02   -0.25768E+02   -0.25766E+02
    46    0.36944E+03    0.59514E-02    0.22812E-02    0.49051E-02    0.13197E-02   -0.25796E+02   -0.25769E+02   -0.25768E+02
    47    0.31930E+03    0.57637E-02    0.19205E-02    0.58512E-02    0.20298E-02   -0.25797E+02   -0.25771E+02   -0.25769E+02
    48    0.31846E+03    0.58451E-02    0.11349E-02    0.53990E-02    0.26466E-02   -0.25799E+02   -0.25774E+02   -0.25771E+02
    49    0.32274E+03    0.53974E-02    0.12361E-02    0.38020E-02    0.33042E-02   -0.25799E+02   -0.25776E+02   -0.25773E+02
    50    0.38427E+03    0.52794E-02    0.12435E-02    0.25915E-02    0.50597E-02   -0.25802E+02   -0.25778E+02   -0.25773E+02
    51    0.32801E+03    0.48215E-02    0.95879E-03    0.23336E-02    0.62280E-02   -0.25801E+02   -0.25780E+02   -0.25774E+02
    52    0.31265E+03    0.51303E-02    0.84230E-03    0.20585E-02    0.79016E-02   -0.25801E+02   -0.25781E+02   -0.25773E+02
    53    0.28030E+03    0.50977E-02    0.84729E-03    0.28268E-02    0.11408E-01   -0.25801E+02   -0.25782E+02   -0.25770E+02
    54    0.30240E+03    0.49658E-02    0.13528E-02    0.37356E-02    0.94677E-02   -0.25801E+02   -0.25780E+02   -0.25770E+02
    55    0.33739E+03    0.47454E-02    0.12541E-02    0.36842E-02    0.62783E-02   -0.25800E+02   -0.25778E+02   -0.25772E+02
    56    0.26993E+03    0.42100E-02    0.12157E-02    0.21686E-02    0.32034E-02   -0.25794E+02   -0.25776E+02   -0.25773E+02
    57    0.26571E+03    0.45642E-02    0.11328E-02    0.24495E-02    0.20323E-02   -0.25793E+02   -0.25774E+02   -0.25772E+02
    58    0.35600E+03    0.55872E-02    0.14325E-02    0.43827E-02    0.14955E-02   -0.25797E+02   -0.25772E+02   -0.25771E+02
    59    0.27193E+03    0.49599E-02    0.21137E-02    0.58713E-02    0.19857E-02   -0.25795E+02   -0.25772E+02   -0.25770E+02
    60    0.25800E+03    0.43466E-02    0.21345E-02    0.40179E-02    0.26819E-02   -0.25794E+02   -0.25774E+02   -0.25772E+02
    61    0.28287E+03    0.47783E-02    0.23077E-02    0.36721E-02    0.27942E-02   -0.25796E+02   -0.25775E+02   -0.25772E+02
    62    0.29211E+03    0.52416E-02    0.17975E-02    0.53863E-02    0.21211E-02   -0.25797E+02   -0.25774E+02   -0.25772E+02
    63    0.26600E+03    0.55230E-02    0.15856E-02    0.63265E-02    0.98775E-03   -0.25796E+02   -0.25772E+02   -0.25771E+02
    64    0.23323E+03    0.52917E-02    0.19785E-02    0.53455E-02    0.13161E-02   -0.25793E+02   -0.25772E+02   -0.25770E+02
    65    0.34901E+03    0.60638E-02    0.18614E-02    0.50725E-02    0.31413E-02   -0.25794E+02   -0.25768E+02   -0.25765E+02
    66    0.30998E+03    0.58211E-02    0.11332E-02    0.35786E-02    0.54026E-02   -0.25797E+02   -0.25774E+02   -0.25769E+02
    67    0.29568E+03    0.54954E-02    0.10236E-02    0.40738E-02    0.10970E-01   -0.25799E+02   -0.25777E+02   -0.25766E+02
    68    0.22832E+03    0.52736E-02    0.18588E-02    0.67708E-02    0.11479E-01   -0.25799E+02   -0.25776E+02   -0.25765E+02
    69    0.29877E+03    0.60175E-02    0.22529E-02    0.12530E-01    0.74043E-02   -0.25803E+02   -0.25771E+02   -0.25764E+02
    70    0.26233E+03    0.49127E-02    0.17693E-02    0.12264E-01    0.53854E-02   -0.25797E+02   -0.25769E+02   -0.25763E+02
    71    0.22468E+03    0.42596E-02    0.14579E-02    0.61264E-02    0.59359E-02   -0.25789E+02   -0.25769E+02   -0.25763E+02
    72    0.32211E+03    0.48666E-02    0.14772E-02    0.54635E-02    0.65743E-02   -0.25793E+02   -0.25769E+02   -0.25762E+02
    73    0.25752E+03    0.50032E-02    0.17753E-02    0.12765E-01    0.64647E-02   -0.25797E+02   -0.25767E+02   -0.25761E+02
    74    0.26402E+03    0.49575E-02    0.14565E-02    0.13659E-01    0.63965E-02   -0.25795E+02   -0.25765E+02   -0.25759E+02
    75    0.27336E+03    0.45921E-02    0.93044E-03    0.84204E-02    0.71193E-02   -0.25789E+02   -0.25765E+02   -0.25758E+02
    76    0.21395E+03    0.42766E-02    0.77945E-03    0.11096E-01    0.75623E-02   -0.25783E+02   -0.25759E+02   -0.25751E+02
    77    0.33385E+03    0.55111E-02    0.95446E-03    0.17588E-01    0.81044E-02   -0.25797E+02   -0.25760E+02   -0.25752E+02
    78    0.31882E+03    0.51360E-02    0.12463E-02    0.11254E-01    0.10175E-01   -0.25794E+02   -0.25765E+02   -0.25755E+02
    79    0.24277E+03    0.49951E-02    0.12841E-02    0.65834E-02    0.83524E-02   -0.25787E+02   -0.25765E+02   -0.25757E+02
    80    0.33370E+03    0.52571E-02    0.11068E-02    0.11857E-01    0.41382E-02   -0.25799E+02   -0.25768E+02   -0.25764E+02
    81    0.23494E+03    0.52331E-02    0.14634E-02    0.17232E-01    0.25732E-02   -0.25800E+02   -0.25768E+02   -0.25765E+02
    82    0.34122E+03    0.65780E-02    0.21149E-02    0.11028E-01    0.41649E-02   -0.25798E+02   -0.25765E+02   -0.25761E+02
    83    0.39483E+03    0.65109E-02    0.26947E-02    0.34094E-02    0.57836E-02   -0.25794E+02   -0.25767E+02   -0.25761E+02
    84    0.29034E+03    0.57091E-02    0.26116E-02    0.18040E-02    0.70120E-02   -0.25790E+02   -0.25769E+02   -0.25762E+02
    85    0.24977E+03    0.54005E-02    0.22661E-02    0.16958E-02    0.87440E-02   -0.25790E+02   -0.25771E+02   -0.25762E+02
    86    0.28533E+03    0.49416E-02    0.11833E-02    0.22498E-02    0.73565E-02   -0.25792E+02   -0.25772E+02   -0.25765E+02
    87    0.23049E+03    0.49939E-02    0.93419E-03    0.73281E-02    0.32464E-02   -0.25792E+02   -0.25770E+02   -0.25766E+02
    88    0.31607E+03    0.59834E-02    0.17464E-02    0.11423E-01    0.23821E-02   -0.25798E+02   -0.25766E+02   -0.25764E+02
    89    0.29578E+03    0.58826E-02    0.18740E-02    0.88555E-02    0.49491E-02   -0.25797E+02   -0.25769E+02   -0.25764E+02
    90    0.24481E+03    0.49896E-02    0.20982E-02    0.76077E-02    0.82034E-02   -0.25795E+02   -0.25771E+02   -0.25763E+02
    91    0.31669E+03    0.48803E-02    0.14563E-02    0.14950E-01    0.83791E-02   -0.25803E+02   -0.25770E+02   -0.25761E+02
    92    0.28926E+03    0.52585E-02    0.21786E-02    0.16903E-01    0.91190E-02   -0.25804E+02   -0.25769E+02   -0.25760E+02
    93    0.28337E+03    0.52635E-02    0.21200E-02    0.12098E-01    0.99373E-02   -0.25802E+02   -0.25771E+02   -0.25761E+02
    94    0.31413E+03    0.55884E-02    0.23115E-02    0.70634E-02    0.71969E-02   -0.25798E+02   -0.25772E+02   -0.25764E+02
    95    0.25690E+03    0.54568E-02    0.25791E-02    0.55669E-02    0.48432E-02   -0.25793E+02   -0.25770E+02   -0.25765E+02
    96    0.30072E+03    0.50806E-02    0.20034E-02    0.75111E-02    0.31240E-02   -0.25793E+02   -0.25767E+02   -0.25764E+02
    97    0.33128E+03    0.50728E-02    0.15206E-02    0.85930E-02    0.23618E-02   -0.25792E+02   -0.25764E+02   -0.25762E+02
    98    0.25997E+03    0.56854E-02    0.12231E-02    0.63827E-02    0.27139E-02   -0.25785E+02   -0.25762E+02   -0.25759E+02
    99    0.23927E+03    0.54168E-02    0.10730E-02    0.39013E-02    0.33699E-02   -0.25781E+02   -0.25762E+02   -0.25758E+02
   100    0.33492E+03    0.59226E-02    0.11864E-02    0.34187E-02    0.40010E-02   -0.25784E+02   -0.25761E+02   -0.25757E+02
   101    0.31286E+03    0.58664E-02    0.84052E-03    0.45493E-02    0.39915E-02   -0.25784E+02   -0.25760E+02   -0.25756E+02
   102    0.32183E+03    0.59508E-02    0.67962E-03    0.50537E-02    0.41792E-02   -0.25784E+02   -0.25760E+02   -0.25756E+02
   103    0.36704E+03    0.57361E-02    0.12247E-02    0.52018E-02    0.54335E-02   -0.25791E+02   -0.25764E+02   -0.25759E+02
   104    0.33112E+03    0.56147E-02    0.12573E-02    0.62509E-02    0.57650E-02   -0.25792E+02   -0.25766E+02   -0.25760E+02
   105    0.29764E+03    0.53538E-02    0.11090E-02    0.78855E-02    0.45059E-02   -0.25793E+02   -0.25768E+02   -0.25763E+02
   106    0.24497E+03    0.54099E-02    0.16650E-02    0.72768E-02    0.82095E-02   -0.25793E+02   -0.25769E+02   -0.25761E+02
   107    0.25304E+03    0.50356E-02    0.16863E-02    0.47838E-02    0.11716E-01   -0.25793E+02   -0.25772E+02   -0.25760E+02
   108    0.24034E+03    0.50229E-02    0.11797E-02    0.42338E-02    0.10887E-01   -0.25794E+02   -0.25774E+02   -0.25763E+02
   109    0.26658E+03    0.51882E-02    0.11550E-02    0.48627E-02    0.74903E-02   -0.25792E+02   -0.25771E+02   -0.25763E+02
   110    0.22215E+03    0.49404E-02    0.11740E-02    0.51704E-02    0.50877E-02   -0.25790E+02   -0.25770E+02   -0.25765E+02
   111    0.24846E+03    0.54403E-02    0.14390E-02    0.57189E-02    0.35324E-02   -0.25791E+02   -0.25769E+02   -0.25765E+02
   112    0.26447E+03    0.53408E-02    0.18875E-02    0.75563E-02    0.23184E-02   -0.25792E+02   -0.25767E+02   -0.25765E+02
   113    0.25172E+03    0.55237E-02    0.21211E-02    0.71979E-02    0.30946E-02   -0.25789E+02   -0.25765E+02   -0.25762E+02
   114    0.24569E+03    0.52956E-02    0.26002E-02    0.51526E-02    0.47349E-02   -0.25790E+02   -0.25768E+02   -0.25763E+02
   115    0.32340E+03    0.54471E-02    0.24276E-02    0.48839E-02    0.58114E-02   -0.25795E+02   -0.25770E+02   -0.25765E+02
   116    0.34454E+03    0.53713E-02    0.20440E-02    0.57575E-02    0.10249E-01   -0.25799E+02   -0.25773E+02   -0.25763E+02
   117    0.20373E+03    0.49104E-02    0.13541E-02    0.78183E-02    0.15420E-01   -0.25796E+02   -0.25774E+02   -0.25759E+02
   118    0.27819E+03    0.61955E-02    0.11587E-02    0.12895E-01    0.10985E-01   -0.25797E+02   -0.25766E+02   -0.25755E+02
   119    0.34255E+03    0.63693E-02    0.12592E-02    0.16283E-01    0.72996E-02   -0.25797E+02   -0.25760E+02   -0.25753E+02
   120    0.38575E+03    0.64570E-02    0.23900E-02    0.12927E-01    0.44172E-02   -0.25792E+02   -0.25756E+02   -0.25752E+02
   121    0.32232E+03    0.62376E-02    0.20242E-02    0.92243E-02    0.53709E-02   -0.25788E+02   -0.25758E+02   -0.25753E+02
   122    0.32851E+03    0.58980E-02    0.26689E-02    0.94853E-02    0.52709E-02   -0.25793E+02   -0.25762E+02   -0.25757E+02
   123    0.27143E+03    0.53950E-02    0.22498E-02    0.11600E-01    0.49595E-02   -0.25793E+02   -0.25763E+02   -0.25758E+02
   124    0.24150E+03    0.49422E-02    0.12276E-02    0.94219E-02    0.61606E-02   -0.25791E+02   -0.25766E+02   -0.25760E+02
   125    0.27001E+03    0.54969E-02    0.13456E-02    0.49602E-02    0.73954E-02   -0.25790E+02   -0.25768E+02   -0.25761E+02
   126    0.32038E+03    0.62751E-02    0.11419E-02    0.43012E-02    0.80609E-02   -0.25793E+02   -0.25769E+02   -0.25761E+02
   127    0.37661E+03    0.64724E-02    0.16325E-02    0.56669E-02    0.80056E-02   -0.25795E+02   -0.25767E+02   -0.25759E+02
   128    0.32885E+03    0.59771E-02    0.18299E-02    0.92687E-02    0.65365E-02   -0.25792E+02   -0.25763E+02   -0.25756E+02
   129    0.33375E+03    0.60015E-02    0.14494E-02    0.12534E-01    0.52771E-02   -0.25792E+02   -0.25759E+02   -0.25753E+02
   130    0.32662E+03    0.55137E-02    0.11295E-02    0.16726E-01    0.62017E-02   -0.25801E+02   -0.25766E+02   -0.25759E+02
   131    0.29485E+03    0.51845E-02    0.12273E-02    0.15409E-01    0.10788E-01   -0.25797E+02   -0.25764E+02   -0.25753E+02
   132    0.22393E+03    0.57432E-02    0.17786E-02    0.98100E-02    0.18785E-01   -0.25794E+02   -0.25769E+02   -0.25750E+02
   133    0.32186E+03    0.63921E-02    0.14736E-02    0.78515E-02    0.23402E-01   -0.25801E+02   -0.25773E+02   -0.25749E+02
   134    0.30526E+03    0.59783E-02    0.21727E-02    0.91393E-02    0.25596E-01   -0.25804E+02   -0.25775E+02   -0.25750E+02
   135    0.26147E+03    0.51970E-02    0.20568E-02    0.69904E-02    0.24356E-01   -0.25802E+02   -0.25778E+02   -0.25754E+02
   136    0.34655E+03    0.62169E-02    0.15297E-02    0.46043E-02    0.25185E-01   -0.25804E+02   -0.25778E+02   -0.25753E+02
   137    0.32462E+03    0.62956E-02    0.98888E-03    0.57532E-02    0.18986E-01   -0.25801E+02   -0.25776E+02   -0.25757E+02
   138    0.26717E+03    0.60471E-02    0.10534E-02    0.91614E-02    0.14010E-01   -0.25798E+02   -0.25772E+02   -0.25758E+02
   139    0.35933E+03    0.69616E-02    0.11658E-02    0.12946E-01    0.98036E-02   -0.25801E+02   -0.25766E+02   -0.25756E+02
   140    0.37103E+03    0.66562E-02    0.12438E-02    0.15135E-01    0.55778E-02   -0.25797E+02   -0.25760E+02   -0.25754E+02
   141    0.32525E+03    0.58535E-02    0.12008E-02    0.13433E-01    0.38501E-02   -0.25789E+02   -0.25756E+02   -0.25752E+02
   142    0.28015E+03    0.61411E-02    0.19407E-02    0.88308E-02    0.38115E-02   -0.25783E+02   -0.25755E+02   -0.25751E+02
   143    0.30579E+03    0.63444E-02    0.27784E-02    0.67010E-02    0.36164E-02   -0.25783E+02   -0.25755E+02   -0.25752E+02
   144    0.26977E+03    0.52552E-02    0.19123E-02    0.82581E-02    0.43584E-02   -0.25782E+02   -0.25756E+02   -0.25752E+02
   145    0.30977E+03    0.59554E-02    0.14723E-02    0.11923E-01    0.75752E-02   -0.25789E+02   -0.25758E+02   -0.25750E+02
   146    0.31226E+03    0.62325E-02    0.18154E-02    0.13242E-01    0.82793E-02   -0.25794E+02   -0.25761E+02   -0.25753E+02
   147    0.35205E+03    0.66578E-02    0.18434E-02    0.11779E-01    0.90882E-02   -0.25798E+02   -0.25764E+02   -0.25755E+02
   148    0.32973E+03    0.67243E-02    0.15840E-02    0.94494E-02    0.11014E-01   -0.25796E+02   -0.25766E+02   -0.25755E+02
   149    0.28841E+03    0.63923E-02    0.11151E-02    0.56649E-02    0.10633E-01   -0.25793E+02   -0.25769E+02   -0.25759E+02
   150    0.30221E+03    0.57668E-02    0.10123E-02    0.48007E-02    0.13168E-01   -0.25796E+02   -0.25773E+02   -0.25760E+02
   151    0.34861E+03    0.61977E-02    0.11461E-02    0.61994E-02    0.17764E-01   -0.25803E+02   -0.25776E+02   -0.25759E+02
   152    0.31525E+03    0.59172E-02    0.18752E-02    0.58268E-02    0.20137E-01   -0.25805E+02   -0.25780E+02   -0.25760E+02
   153    0.22696E+03    0.57633E-02    0.17059E-02    0.35528E-02    0.25181E-01   -0.25803E+02   -0.25783E+02   -0.25758E+02
   154    0.29810E+03    0.62552E-02    0.77197E-03    0.32109E-02    0.28565E-01   -0.25805E+02   -0.25783E+02   -0.25755E+02
   155    0.31994E+03    0.64034E-02    0.19976E-02    0.32296E-02    0.28872E-01   -0.25804E+02   -0.25780E+02   -0.25752E+02
   156    0.29443E+03    0.60023E-02    0.13297E-02    0.14241E-02    0.30788E-01   -0.25800E+02   -0.25780E+02   -0.25750E+02
   157    0.28125E+03    0.57716E-02    0.10371E-02    0.12527E-03    0.30210E-01   -0.25799E+02   -0.25781E+02   -0.25751E+02
   158    0.30974E+03    0.55536E-02    0.13304E-02    0.17631E-03    0.28806E-01   -0.25800E+02   -0.25781E+02   -0.25752E+02
   159    0.24674E+03    0.54176E-02    0.12072E-02    0.39541E-02    0.24669E-01   -0.25800E+02   -0.25780E+02   -0.25755E+02
   160    0.26646E+03    0.57016E-02    0.66525E-03    0.63715E-02    0.24401E-01   -0.25801E+02   -0.25778E+02   -0.25754E+02
   161    0.33056E+03    0.64939E-02    0.24923E-02    0.28924E-02    0.25447E-01   -0.25801E+02   -0.25777E+02   -0.25751E+02
   162    0.38054E+03    0.71429E-02    0.19478E-02    0.58115E-03    0.22544E-01   -0.25802E+02   -0.25777E+02   -0.25755E+02
   163    0.32676E+03    0.61912E-02    0.22891E-02    0.40562E-03    0.20898E-01   -0.25802E+02   -0.25780E+02   -0.25760E+02
   164    0.29405E+03    0.60864E-02    0.21553E-02    0.21646E-03    0.21436E-01   -0.25801E+02   -0.25781E+02   -0.25760E+02
   165    0.28799E+03    0.61674E-02    0.24277E-02    0.10022E-03    0.20182E-01   -0.25801E+02   -0.25781E+02   -0.25761E+02
   166    0.22025E+03    0.60115E-02    0.23985E-02    0.29622E-03    0.16873E-01   -0.25798E+02   -0.25781E+02   -0.25764E+02
   167    0.23168E+03    0.59167E-02    0.17652E-02    0.69956E-03    0.14024E-01   -0.25798E+02   -0.25781E+02   -0.25767E+02
   168    0.29138E+03    0.65415E-02    0.19544E-02    0.15268E-02    0.12577E-01   -0.25800E+02   -0.25779E+02   -0.25767E+02
   169    0.28238E+03    0.59052E-02    0.15579E-02    0.32989E-02    0.12462E-01   -0.25800E+02   -0.25779E+02   -0.25766E+02
   170    0.21988E+03    0.55829E-02    0.14284E-02    0.85672E-02    0.13920E-01   -0.25801E+02   -0.25777E+02   -0.25763E+02
   171    0.26789E+03    0.61761E-02    0.14038E-02    0.13386E-01    0.11144E-01   -0.25803E+02   -0.25772E+02   -0.25761E+02
   172    0.34226E+03    0.68298E-02    0.20109E-02    0.11664E-01    0.83922E-02   -0.25801E+02   -0.25768E+02   -0.25759E+02
   173    0.25583E+03    0.57596E-02    0.17051E-02    0.99740E-02    0.78883E-02   -0.25793E+02   -0.25766E+02   -0.25758E+02
   174    0.25175E+03    0.58079E-02    0.85209E-03    0.16976E-01    0.48024E-02   -0.25796E+02   -0.25762E+02   -0.25758E+02
   175    0.26396E+03    0.58337E-02    0.14793E-02    0.20141E-01    0.38526E-02   -0.25797E+02   -0.25760E+02   -0.25756E+02
   176    0.25152E+03    0.61977E-02    0.20983E-02    0.14512E-01    0.86763E-02   -0.25794E+02   -0.25762E+02   -0.25753E+02
   177    0.36352E+03    0.71363E-02    0.16964E-02    0.15598E-01    0.61062E-02   -0.25799E+02   -0.25761E+02   -0.25755E+02
   178    0.29114E+03    0.61436E-02    0.20768E-02    0.11966E-01    0.54820E-02   -0.25793E+02   -0.25762E+02   -0.25756E+02
   179    0.31027E+03    0.60762E-02    0.20341E-02    0.73732E-02    0.62115E-02   -0.25790E+02   -0.25763E+02   -0.25757E+02
   180    0.28676E+03    0.59718E-02    0.18898E-02    0.72514E-02    0.51613E-02   -0.25788E+02   -0.25762E+02   -0.25757E+02
   181    0.25084E+03    0.62604E-02    0.21621E-02    0.95825E-02    0.32942E-02   -0.25787E+02   -0.25760E+02   -0.25756E+02
   182    0.27583E+03    0.67361E-02    0.41547E-02    0.88491E-02    0.40040E-02   -0.25786E+02   -0.25756E+02   -0.25752E+02
   183    0.29312E+03    0.64977E-02    0.40035E-02    0.60071E-02    0.71166E-02   -0.25788E+02   -0.25760E+02   -0.25753E+02
   184    0.29539E+03    0.60425E-02    0.30681E-02    0.78264E-02    0.11399E-01   -0.25790E+02   -0.25762E+02   -0.25751E+02
   185    0.34205E+03    0.62222E-02    0.26967E-02    0.85089E-02    0.12888E-01   -0.25798E+02   -0.25767E+02   -0.25754E+02
   186    0.29259E+03    0.62271E-02    0.32861E-02    0.89032E-02    0.11207E-01   -0.25797E+02   -0.25768E+02   -0.25756E+02
   187    0.25039E+03    0.58712E-02    0.35454E-02    0.79831E-02    0.10627E-01   -0.25794E+02   -0.25767E+02   -0.25757E+02
   188    0.22557E+03    0.64023E-02    0.29033E-02    0.95129E-02    0.11029E-01   -0.25789E+02   -0.25762E+02   -0.25751E+02
   189    0.25153E+03    0.60075E-02    0.30495E-02    0.90695E-02    0.79757E-02   -0.25786E+02   -0.25758E+02   -0.25750E+02
   190    0.24111E+03    0.57511E-02    0.24902E-02    0.91381E-02    0.66932E-02   -0.25784E+02   -0.25757E+02   -0.25750E+02
   191    0.24425E+03    0.56843E-02    0.27208E-02    0.10720E-01    0.66695E-02   -0.25782E+02   -0.25754E+02   -0.25747E+02
   192    0.24743E+03    0.57663E-02    0.35898E-02    0.15880E-01    0.44545E-02   -0.25781E+02   -0.25746E+02   -0.25742E+02
   193    0.38484E+03    0.69332E-02    0.33108E-02    0.14174E-01    0.26432E-02   -0.25778E+02   -0.25739E+02   -0.25736E+02
   194    0.34083E+03    0.67106E-02    0.29606E-02    0.65339E-02    0.25025E-02   -0.25767E+02   -0.25738E+02   -0.25736E+02
   195    0.31542E+03    0.61986E-02    0.32684E-02    0.17798E-02    0.14457E-02   -0.25757E+02   -0.25734E+02   -0.25733E+02
   196    0.29513E+03    0.61984E-02    0.38850E-02    0.44592E-03    0.53240E-03   -0.25753E+02   -0.25732E+02   -0.25731E+02
   197    0.31648E+03    0.76670E-02    0.32575E-02    0.43069E-03    0.17418E-03   -0.25758E+02   -0.25735E+02   -0.25735E+02
   198    0.34303E+03    0.77129E-02    0.36427E-02    0.40833E-03    0.14948E-03   -0.25770E+02   -0.25745E+02   -0.25745E+02
   199    0.33297E+03    0.78688E-02    0.26202E-02    0.77330E-03    0.10475E-03   -0.25789E+02   -0.25765E+02   -0.25765E+02
   200    0.32179E+03    0.71116E-02    0.29547E-02    0.34536E-03    0.39375E-03   -0.25807E+02   -0.25784E+02   -0.25784E+02
   201    0.35216E+03    0.72583E-02    0.29208E-02    0.74022E-03    0.10558E-03   -0.25818E+02   -0.25793E+02   -0.25793E+02
   202    0.32868E+03    0.72460E-02    0.29245E-02    0.45310E-02    0.15168E-03   -0.25823E+02   -0.25796E+02   -0.25796E+02
   203    0.24835E+03    0.63650E-02    0.31490E-02    0.68430E-02    0.39242E-03   -0.25826E+02   -0.25801E+02   -0.25800E+02
   204    0.23172E+03    0.62758E-02    0.33480E-02    0.51240E-02    0.57217E-03   -0.25825E+02   -0.25801E+02   -0.25801E+02
   205    0.26957E+03    0.62776E-02    0.39250E-02    0.44895E-02    0.65476E-03   -0.25817E+02   -0.25793E+02   -0.25792E+02
   206    0.20815E+03    0.55918E-02    0.40075E-02    0.69905E-02    0.76553E-03   -0.25818E+02   -0.25793E+02   -0.25792E+02
   207    0.29936E+03    0.64880E-02    0.29081E-02    0.55222E-02    0.17444E-02   -0.25826E+02   -0.25800E+02   -0.25798E+02
   208    0.29744E+03    0.72017E-02    0.23045E-02    0.22867E-02    0.11077E-02   -0.25828E+02   -0.25805E+02   -0.25804E+02
   209    0.20758E+03    0.61999E-02    0.23036E-02    0.23070E-04    0.10565E-02   -0.25823E+02   -0.25806E+02   -0.25805E+02
   210    0.29481E+03    0.68861E-02    0.17883E-02    0.15663E-02    0.72848E-03   -0.25824E+02   -0.25802E+02   -0.25801E+02
   211    0.35734E+03    0.76412E-02    0.82183E-03    0.41364E-02    0.31811E-03   -0.25827E+02   -0.25801E+02   -0.25800E+02
   212    0.36709E+03    0.75712E-02    0.98977E-03    0.32335E-02    0.11862E-02   -0.25824E+02   -0.25798E+02   -0.25797E+02
   213    0.35793E+03    0.72963E-02    0.11475E-02    0.37369E-02    0.11106E-02   -0.25821E+02   -0.25795E+02   -0.25794E+02
   214    0.31619E+03    0.68137E-02    0.15245E-02    0.28048E-02    0.44389E-03   -0.25816E+02   -0.25793E+02   -0.25793E+02
   215    0.38470E+03    0.82029E-02    0.18541E-02    0.11894E-02    0.73340E-03   -0.25819E+02   -0.25793E+02   -0.25792E+02
   216    0.31187E+03    0.79988E-02    0.21279E-02    0.20466E-02    0.58974E-03   -0.25824E+02   -0.25800E+02   -0.25799E+02
   217    0.37925E+03    0.76504E-02    0.24613E-02    0.21204E-02    0.48277E-03   -0.25833E+02   -0.25806E+02   -0.25805E+02
   218    0.33673E+03    0.78213E-02    0.34224E-02    0.11739E-02    0.36904E-03   -0.25832E+02   -0.25807E+02   -0.25806E+02
   219    0.26760E+03    0.71720E-02    0.23145E-02    0.11859E-02    0.26388E-03   -0.25827E+02   -0.25806E+02   -0.25806E+02
   220    0.32951E+03    0.73802E-02    0.16662E-02    0.74652E-03    0.12850E-03   -0.25829E+02   -0.25807E+02   -0.25807E+02
   221    0.32758E+03    0.72895E-02    0.11367E-02    0.88759E-03    0.16485E-03   -0.25830E+02   -0.25808E+02   -0.25808E+02
   222    0.21989E+03    0.62834E-02    0.10793E-02    0.15465E-02    0.45320E-03   -0.25827E+02   -0.25809E+02   -0.25809E+02
   223    0.26463E+03    0.67211E-02    0.11426E-02    0.35400E-02    0.68371E-03   -0.25826E+02   -0.25804E+02   -0.25804E+02
   224    0.25355E+03    0.62315E-02    0.13062E-02    0.17985E-02    0.76935E-03   -0.25826E+02   -0.25807E+02   -0.25806E+02
   225    0.23960E+03    0.67559E-02    0.12328E-02    0.41635E-03    0.79771E-03   -0.25818E+02   -0.25800E+02   -0.25800E+02
   226    0.38199E+03    0.73243E-02    0.11044E-02    0.15808E-02    0.11166E-02   -0.25826E+02   -0.25801E+02   -0.25800E+02
   227    0.37710E+03    0.71332E-02    0.11152E-02    0.28822E-04    0.12235E-02   -0.25829E+02   -0.25806E+02   -0.25805E+02
   228    0.30021E+03    0.67000E-02    0.10757E-02    0.35425E-02    0.11930E-02   -0.25828E+02   -0.25805E+02   -0.25804E+02
   229    0.26631E+03    0.68529E-02    0.15345E-02    0.49704E-02    0.85804E-03   -0.25826E+02   -0.25803E+02   -0.25802E+02
   230    0.23658E+03    0.64267E-02    0.19467E-02    0.12997E-02    0.12478E-02   -0.25820E+02   -0.25801E+02   -0.25800E+02
   231    0.35566E+03    0.74113E-02    0.23420E-02    0.45506E-03    0.18762E-03   -0.25827E+02   -0.25803E+02   -0.25803E+02
   232    0.33901E+03    0.83127E-02    0.26167E-02    0.62151E-03    0.12190E-03   -0.25827E+02   -0.25803E+02   -0.25803E+02
   233    0.31226E+03    0.79418E-02    0.37506E-02    0.77349E-03    0.27190E-03   -0.25826E+02   -0.25801E+02   -0.25801E+02
   234    0.34890E+03    0.76959E-02    0.28878E-02    0.26599E-02    0.19315E-03   -0.25826E+02   -0.25800E+02   -0.25800E+02
   235    0.30410E+03    0.71229E-02    0.37661E-02    0.35985E-02    0.28497E-03   -0.25821E+02   -0.25795E+02   -0.25795E+02
   236    0.32916E+03    0.72926E-02    0.26039E-02    0.59424E-02    0.19864E-03   -0.25821E+02   -0.25792E+02   -0.25792E+02
   237    0.34274E+03    0.77280E-02    0.13845E-02    0.12961E-02    0.42712E-03   -0.25819E+02   -0.25795E+02   -0.25795E+02
   238    0.28366E+03    0.71339E-02    0.12219E-02    0.12245E-02    0.35255E-03   -0.25815E+02   -0.25795E+02   -0.25794E+02
   239    0.25813E+03    0.72953E-02    0.28817E-02    0.19777E-02    0.13469E-03   -0.25811E+02   -0.25789E+02   -0.25789E+02
   240    0.21087E+03    0.67611E-02    0.36875E-02    0.24378E-02    0.76778E-03   -0.25808E+02   -0.25787E+02   -0.25787E+02
   241    0.31237E+03    0.71142E-02    0.27840E-02    0.55061E-02    0.84997E-03   -0.25817E+02   -0.25789E+02   -0.25789E+02
   242    0.27863E+03    0.63724E-02    0.13943E-02    0.81606E-02    0.16408E-02   -0.25818E+02   -0.25791E+02   -0.25790E+02
   243    0.27907E+03    0.62738E-02    0.10737E-02    0.87819E-02    0.26505E-02   -0.25818E+02   -0.25792E+02   -0.25789E+02
   244    0.21256E+03    0.70095E-02    0.12186E-02    0.66146E-02    0.31465E-02   -0.25819E+02   -0.25796E+02   -0.25793E+02
   245    0.26358E+03    0.69600E-02    0.10999E-02    0.25416E-02    0.21959E-02   -0.25820E+02   -0.25799E+02   -0.25797E+02
   246    0.30064E+03    0.70263E-02    0.14924E-02    0.36917E-02    0.99677E-03   -0.25824E+02   -0.25800E+02   -0.25799E+02
   247    0.25947E+03    0.64353E-02    0.12664E-02    0.24384E-02    0.83189E-03   -0.25822E+02   -0.25802E+02   -0.25801E+02
   248    0.32937E+03    0.69018E-02    0.10949E-02    0.28254E-02    0.10886E-02   -0.25828E+02   -0.25805E+02   -0.25804E+02
   249    0.28213E+03    0.65278E-02    0.12747E-02    0.34666E-02    0.88398E-03   -0.25822E+02   -0.25800E+02   -0.25799E+02
   250    0.34053E+03    0.74714E-02    0.11652E-02    0.26746E-04    0.82509E-03   -0.25823E+02   -0.25802E+02   -0.25801E+02
   251    0.35696E+03    0.81514E-02    0.10573E-02    0.37811E-02    0.76271E-03   -0.25826E+02   -0.25800E+02   -0.25799E+02
   252    0.34133E+03    0.75170E-02    0.15199E-02    0.37373E-02    0.10422E-02   -0.25827E+02   -0.25802E+02   -0.25801E+02
   253    0.33327E+03    0.71401E-02    0.16726E-02    0.20850E-02    0.64145E-03   -0.25826E+02   -0.25803E+02   -0.25802E+02
   254    0.29908E+03    0.72701E-02    0.15140E-02    0.18765E-02    0.12732E-02   -0.25827E+02   -0.25805E+02   -0.25804E+02
   255    0.32428E+03    0.75204E-02    0.10956E-02    0.37222E-03    0.22076E-02   -0.25831E+02   -0.25810E+02   -0.25808E+02
   256    0.21851E+03    0.68128E-02    0.96117E-03    0.13081E-02    0.17025E-02   -0.25826E+02   -0.25808E+02   -0.25807E+02
   257    0.34807E+03    0.74867E-02    0.87102E-03    0.68533E-03    0.25320E-02   -0.25829E+02   -0.25807E+02   -0.25805E+02
   258    0.28713E+03    0.75744E-02    0.83824E-03    0.19010E-02    0.43681E-02   -0.25829E+02   -0.25808E+02   -0.25803E+02
   259    0.25501E+03    0.74666E-02    0.11256E-02    0.23463E-03    0.76397E-02   -0.25828E+02   -0.25809E+02   -0.25801E+02
   260    0.28686E+03    0.73271E-02    0.98379E-03    0.69826E-03    0.96244E-02   -0.25829E+02   -0.25809E+02   -0.25799E+02
   261    0.30314E+03    0.75079E-02    0.74274E-03    0.17434E-02    0.12136E-01   -0.25829E+02   -0.25808E+02   -0.25795E+02
   262    0.36411E+03    0.75912E-02    0.89628E-03    0.15915E-02    0.16624E-01   -0.25831E+02   -0.25807E+02   -0.25790E+02
   263    0.25910E+03    0.72443E-02    0.26766E-02    0.71408E-02    0.19702E-01   -0.25831E+02   -0.25804E+02   -0.25784E+02
   264    0.36811E+03    0.73114E-02    0.18453E-02    0.95917E-02    0.15486E-01   -0.25831E+02   -0.25799E+02   -0.25783E+02
   265    0.37486E+03    0.74749E-02    0.38197E-02    0.10813E-02    0.12429E-01   -0.25824E+02   -0.25798E+02   -0.25785E+02
   266    0.27270E+03    0.69516E-02    0.29005E-02    0.35670E-03    0.84295E-02   -0.25818E+02   -0.25797E+02   -0.25789E+02
   267    0.33984E+03    0.74285E-02    0.38423E-02    0.13553E-02    0.54123E-02   -0.25821E+02   -0.25796E+02   -0.25790E+02
   268    0.25001E+03    0.69131E-02    0.28856E-02    0.40107E-02    0.43033E-02   -0.25819E+02   -0.25796E+02   -0.25792E+02
   269    0.26544E+03    0.68562E-02    0.23832E-02    0.17301E-02    0.39992E-02   -0.25812E+02   -0.25791E+02   -0.25787E+02
   270    0.28803E+03    0.73181E-02    0.25054E-02    0.18222E-02    0.31857E-02   -0.25812E+02   -0.25789E+02   -0.25786E+02
   271    0.25561E+03    0.73720E-02    0.11957E-02    0.36932E-02    0.28920E-02   -0.25811E+02   -0.25789E+02   -0.25786E+02
   272    0.22789E+03    0.69012E-02    0.12287E-02    0.75214E-02    0.25554E-02   -0.25813E+02   -0.25788E+02   -0.25786E+02
   273    0.20858E+03    0.65929E-02    0.18064E-02    0.77615E-02    0.31833E-02   -0.25812E+02   -0.25788E+02   -0.25785E+02
   274    0.33635E+03    0.75345E-02    0.20804E-02    0.80260E-02    0.25349E-02   -0.25819E+02   -0.25788E+02   -0.25786E+02
   275    0.23062E+03    0.66901E-02    0.22276E-02    0.45119E-02    0.28206E-02   -0.25812E+02   -0.25790E+02   -0.25787E+02
   276    0.24663E+03    0.74788E-02    0.30760E-02    0.74144E-03    0.48019E-02   -0.25808E+02   -0.25787E+02   -0.25782E+02
   277    0.34876E+03    0.81708E-02    0.24183E-02    0.71613E-03    0.69379E-02   -0.25812E+02   -0.25788E+02   -0.25781E+02
   278    0.36102E+03    0.83041E-02    0.33430E-02    0.15732E-02    0.95274E-02   -0.25818E+02   -0.25791E+02   -0.25782E+02
   279    0.38301E+03    0.89603E-02    0.27926E-02    0.14665E-02    0.12362E-01   -0.25826E+02   -0.25798E+02   -0.25786E+02
   280    0.35157E+03    0.82379E-02    0.50213E-02    0.19117E-02    0.13692E-01   -0.25827E+02   -0.25799E+02   -0.25785E+02
   281    0.29830E+03    0.73141E-02    0.33415E-02    0.14272E-02    0.14353E-01   -0.25827E+02   -0.25804E+02   -0.25789E+02
   282    0.25270E+03    0.70505E-02    0.39847E-02    0.12943E-02    0.14794E-01   -0.25828E+02   -0.25806E+02   -0.25791E+02
   283    0.20717E+03    0.73564E-02    0.45962E-02    0.14311E-02    0.15058E-01   -0.25828E+02   -0.25807E+02   -0.25792E+02
   284    0.24197E+03    0.70686E-02    0.41360E-02    0.27045E-02    0.15345E-01   -0.25826E+02   -0.25803E+02   -0.25788E+02
   285    0.28733E+03    0.74639E-02    0.28484E-02    0.31509E-02    0.12495E-01   -0.25826E+02   -0.25802E+02   -0.25790E+02
   286    0.31508E+03    0.80077E-02    0.35653E-02    0.14825E-02    0.83739E-02   -0.25824E+02   -0.25799E+02   -0.25791E+02
   287    0.38754E+03    0.91817E-02    0.42733E-02    0.13327E-02    0.52592E-02   -0.25826E+02   -0.25796E+02   -0.25791E+02
   288    0.37613E+03    0.86166E-02    0.41625E-02    0.30483E-02    0.21987E-02   -0.25831E+02   -0.25801E+02   -0.25798E+02
   289    0.34068E+03    0.80645E-02    0.31517E-02    0.31934E-02    0.14069E-02   -0.25829E+02   -0.25802E+02   -0.25800E+02
   290    0.39583E+03    0.82121E-02    0.26358E-02    0.93047E-03    0.58464E-03   -0.25830E+02   -0.25803E+02   -0.25803E+02
   291    0.27338E+03    0.78407E-02    0.20727E-02    0.33634E-03    0.11225E-03   -0.25827E+02   -0.25807E+02   -0.25807E+02
   292    0.23237E+03    0.79185E-02    0.14409E-02    0.60376E-03    0.94489E-04   -0.25824E+02   -0.25805E+02   -0.25805E+02
   293    0.22627E+03    0.75696E-02    0.15084E-02    0.18447E-03    0.13407E-03   -0.25824E+02   -0.25806E+02   -0.25806E+02
   294    0.23769E+03    0.74909E-02    0.11219E-02    0.65598E-03    0.31695E-03   -0.25825E+02   -0.25807E+02   -0.25806E+02
   295    0.20231E+03    0.71795E-02    0.97366E-03    0.26547E-02    0.92996E-04   -0.25823E+02   -0.25804E+02   -0.25804E+02
   296    0.34429E+03    0.85150E-02    0.12067E-02    0.12099E-02    0.67411E-03   -0.25827E+02   -0.25802E+02   -0.25802E+02
   297    0.38467E+03    0.85961E-02    0.11482E-02    0.88408E-03    0.74496E-03   -0.25828E+02   -0.25803E+02   -0.25802E+02
   298    0.31053E+03    0.81712E-02    0.12792E-02    0.91695E-03    0.89944E-03   -0.25824E+02   -0.25802E+02   -0.25801E+02
   299    0.33287E+03    0.80082E-02    0.13545E-02    0.89331E-03    0.59829E-03   -0.25825E+02   -0.25802E+02   -0.25801E+02
   300    0.34510E+03    0.86874E-02    0.19548E-02    0.18800E-02    0.54298E-03   -0.25827E+02   -0.25801E+02   -0.25801E+02
   301    0.32548E+03    0.82981E-02    0.25520E-02    0.34141E-02    0.62982E-03   -0.25828E+02   -0.25802E+02   -0.25801E+02
   302    0.37684E+03    0.89697E-02    0.34550E-02    0.96579E-03    0.63904E-03   -0.25830E+02   -0.25802E+02   -0.25802E+02
   303    0.35368E+03    0.88449E-02    0.27447E-02    0.61849E-04    0.30348E-03   -0.25828E+02   -0.25803E+02   -0.25803E+02
   304    0.32194E+03    0.82573E-02    0.24565E-02    0.49993E-03    0.89916E-04   -0.25826E+02   -0.25803E+02   -0.25803E+02
   305    0.39953E+03    0.90002E-02    0.14203E-02    0.33757E-03    0.12954E-03   -0.25829E+02   -0.25803E+02   -0.25803E+02
   306    0.26155E+03    0.79040E-02    0.11886E-02    0.28712E-03    0.20119E-03   -0.25825E+02   -0.25806E+02   -0.25806E+02
   307    0.30064E+03    0.80021E-02    0.89252E-03    0.67066E-03    0.27027E-03   -0.25827E+02   -0.25806E+02   -0.25805E+02
   308    0.26786E+03    0.79586E-02    0.11704E-02    0.84492E-03    0.39710E-03   -0.25824E+02   -0.25804E+02   -0.25804E+02
   309    0.23571E+03    0.75327E-02    0.13919E-02    0.50883E-03    0.21215E-03   -0.25821E+02   -0.25803E+02   -0.25803E+02
   310    0.23004E+03    0.74545E-02    0.16131E-02    0.49341E-03    0.29783E-03   -0.25820E+02   -0.25802E+02   -0.25801E+02
   311    0.25458E+03    0.73505E-02    0.16278E-02    0.53776E-03    0.11269E-03   -0.25820E+02   -0.25800E+02   -0.25800E+02
   312    0.24210E+03    0.73153E-02    0.30057E-02    0.18156E-02    0.11224E-03   -0.25819E+02   -0.25797E+02   -0.25797E+02
   313    0.25219E+03    0.76893E-02    0.35417E-02    0.62848E-02    0.23502E-03   -0.25817E+02   -0.25790E+02   -0.25789E+02
   314    0.29378E+03    0.82132E-02    0.16632E-02    0.99069E-02    0.74020E-03   -0.25818E+02   -0.25787E+02   -0.25786E+02
   315    0.28364E+03    0.78429E-02    0.74711E-03    0.78689E-02    0.14455E-02   -0.25813E+02   -0.25786E+02   -0.25784E+02
   316    0.34618E+03    0.78329E-02    0.13098E-02    0.25171E-02    0.29785E-02   -0.25815E+02   -0.25790E+02   -0.25787E+02
   317    0.35576E+03    0.88481E-02    0.11067E-02    0.12165E-03    0.31455E-02   -0.25814E+02   -0.25791E+02   -0.25788E+02
   318    0.31657E+03    0.84205E-02    0.10104E-02    0.16016E-03    0.32866E-02   -0.25813E+02   -0.25791E+02   -0.25788E+02
   319    0.31628E+03    0.85365E-02    0.96084E-03    0.25546E-03    0.30497E-02   -0.25814E+02   -0.25792E+02   -0.25789E+02
   320    0.39985E+03    0.95602E-02    0.10783E-02    0.49144E-03    0.21607E-02   -0.25819E+02   -0.25793E+02   -0.25791E+02
   321    0.35182E+03    0.89128E-02    0.11554E-02    0.18679E-03    0.17179E-02   -0.25825E+02   -0.25801E+02   -0.25799E+02
   322    0.35269E+03    0.88736E-02    0.99873E-03    0.39024E-03    0.11062E-02   -0.25826E+02   -0.25802E+02   -0.25801E+02
   323    0.36488E+03    0.88723E-02    0.12439E-02    0.10082E-02    0.20951E-02   -0.25828E+02   -0.25803E+02   -0.25801E+02
   324    0.25778E+03    0.83868E-02    0.12163E-02    0.22928E-02    0.49124E-02   -0.25826E+02   -0.25805E+02   -0.25800E+02
   325    0.26414E+03    0.80150E-02    0.16212E-02    0.18912E-02    0.85825E-02   -0.25828E+02   -0.25807E+02   -0.25798E+02
   326    0.23887E+03    0.74325E-02    0.19623E-02    0.12206E-02    0.93283E-02   -0.25829E+02   -0.25809E+02   -0.25800E+02
   327    0.22655E+03    0.75713E-02    0.14491E-02    0.88063E-03    0.93012E-02   -0.25830E+02   -0.25811E+02   -0.25802E+02
   328    0.25421E+03    0.83650E-02    0.12469E-02    0.11438E-02    0.11454E-01   -0.25829E+02   -0.25808E+02   -0.25797E+02
   329    0.28529E+03    0.84342E-02    0.30311E-02    0.19466E-02    0.12541E-01   -0.25830E+02   -0.25806E+02   -0.25794E+02
   330    0.32677E+03    0.86582E-02    0.26900E-02    0.11394E-02    0.11461E-01   -0.25829E+02   -0.25804E+02   -0.25793E+02
   331    0.33974E+03    0.83077E-02    0.21709E-02    0.14352E-03    0.11133E-01   -0.25831E+02   -0.25808E+02   -0.25797E+02
   332    0.36365E+03    0.87717E-02    0.24835E-02    0.16587E-03    0.11751E-01   -0.25833E+02   -0.25807E+02   -0.25796E+02
   333    0.34802E+03    0.80956E-02    0.24126E-02    0.83343E-04    0.12572E-01   -0.25831E+02   -0.25807E+02   -0.25795E+02
   334    0.32274E+03    0.81605E-02    0.28602E-02    0.53960E-04    0.13054E-01   -0.25830E+02   -0.25807E+02   -0.25794E+02
   335    0.29103E+03    0.80344E-02    0.19992E-02    0.23098E-03    0.12546E-01   -0.25829E+02   -0.25808E+02   -0.25795E+02
   336    0.28565E+03    0.81366E-02    0.12162E-02    0.11714E-03    0.10454E-01   -0.25829E+02   -0.25809E+02   -0.25798E+02
   337    0.26875E+03    0.85363E-02    0.10939E-02    0.98881E-04    0.68825E-02   -0.25829E+02   -0.25809E+02   -0.25802E+02
   338    0.32852E+03    0.87818E-02    0.11147E-02    0.61806E-03    0.48183E-02   -0.25831E+02   -0.25808E+02   -0.25803E+02
   339    0.30801E+03    0.84580E-02    0.11387E-02    0.93748E-03    0.48848E-02   -0.25829E+02   -0.25807E+02   -0.25802E+02
   340    0.28999E+03    0.78308E-02    0.12511E-02    0.36748E-03    0.59980E-02   -0.25828E+02   -0.25807E+02   -0.25801E+02
   341    0.26648E+03    0.80282E-02    0.12365E-02    0.24611E-03    0.53496E-02   -0.25827E+02   -0.25807E+02   -0.25802E+02
   342    0.31840E+03    0.85575E-02    0.10921E-02    0.62211E-03    0.40806E-02   -0.25829E+02   -0.25807E+02   -0.25803E+02
   343    0.35425E+03    0.88017E-02    0.10694E-02    0.13758E-02    0.32950E-02   -0.25830E+02   -0.25805E+02   -0.25802E+02
   344    0.30648E+03    0.82641E-02    0.11254E-02    0.10961E-02    0.23930E-02   -0.25825E+02   -0.25803E+02   -0.25801E+02
   345    0.32503E+03    0.88554E-02    0.10521E-02    0.66375E-03    0.10313E-02   -0.25825E+02   -0.25802E+02   -0.25801E+02
   346    0.36304E+03    0.90812E-02    0.11757E-02    0.57144E-03    0.95006E-03   -0.25825E+02   -0.25800E+02   -0.25799E+02
   347    0.35663E+03    0.91222E-02    0.11310E-02    0.11374E-02    0.84191E-03   -0.25828E+02   -0.25803E+02   -0.25802E+02
   348    0.35429E+03    0.90561E-02    0.13772E-02    0.82499E-03    0.67924E-03   -0.25827E+02   -0.25802E+02   -0.25801E+02
   349    0.37556E+03    0.94871E-02    0.14180E-02    0.78877E-04    0.74759E-03   -0.25827E+02   -0.25801E+02   -0.25801E+02
   350    0.35203E+03    0.92607E-02    0.13122E-02    0.35664E-04    0.30958E-03   -0.25825E+02   -0.25801E+02   -0.25801E+02
   351    0.35347E+03    0.88064E-02    0.10856E-02    0.39925E-03    0.10424E-03   -0.25829E+02   -0.25805E+02   -0.25805E+02
   352    0.39377E+03    0.91995E-02    0.14607E-02    0.78927E-03    0.30073E-03   -0.25831E+02   -0.25804E+02   -0.25804E+02
   353    0.35022E+03    0.86139E-02    0.19113E-02    0.27269E-03    0.35393E-03   -0.25832E+02   -0.25808E+02   -0.25807E+02
   354    0.32351E+03    0.87382E-02    0.18639E-02    0.52010E-04    0.21118E-03   -0.25831E+02   -0.25808E+02   -0.25808E+02
   355    0.35315E+03    0.88699E-02    0.14864E-02    0.27807E-03    0.15169E-03   -0.25833E+02   -0.25809E+02   -0.25809E+02
   356    0.39798E+03    0.96694E-02    0.10783E-02    0.79695E-03    0.68193E-04   -0.25837E+02   -0.25811E+02   -0.25811E+02
   357    0.34402E+03    0.90684E-02    0.11632E-02    0.25776E-02    0.12460E-03   -0.25838E+02   -0.25813E+02   -0.25812E+02
   358    0.26329E+03    0.88038E-02    0.11997E-02    0.37868E-02    0.70872E-03   -0.25839E+02   -0.25815E+02   -0.25815E+02
   359    0.23625E+03    0.79046E-02    0.10807E-02    0.21330E-02    0.74681E-03   -0.25838E+02   -0.25818E+02   -0.25817E+02
   360    0.27858E+03    0.80742E-02    0.10855E-02    0.71500E-03    0.11768E-02   -0.25840E+02   -0.25820E+02   -0.25819E+02
   361    0.25640E+03    0.81938E-02    0.10305E-02    0.78764E-04    0.11561E-02   -0.25840E+02   -0.25821E+02   -0.25819E+02
   362    0.24478E+03    0.84387E-02    0.10802E-02    0.80468E-04    0.97919E-03   -0.25839E+02   -0.25821E+02   -0.25820E+02
   363    0.23715E+03    0.84223E-02    0.11513E-02    0.35985E-03    0.41346E-03   -0.25839E+02   -0.25820E+02   -0.25819E+02
   364    0.28053E+03    0.91329E-02    0.12371E-02    0.14976E-02    0.62488E-03   -0.25841E+02   -0.25818E+02   -0.25818E+02
   365    0.36712E+03    0.94572E-02    0.15052E-02    0.17112E-02    0.58928E-03   -0.25843E+02   -0.25816E+02   -0.25816E+02
   366    0.37338E+03    0.93563E-02    0.13809E-02    0.68518E-03    0.69223E-03   -0.25841E+02   -0.25815E+02   -0.25814E+02
   367    0.38307E+03    0.92789E-02    0.15417E-02    0.16542E-04    0.21542E-03   -0.25839E+02   -0.25814E+02   -0.25814E+02
   368    0.34052E+03    0.89388E-02    0.14712E-02    0.16607E-03    0.26703E-03   -0.25838E+02   -0.25814E+02   -0.25814E+02
   369    0.32254E+03    0.85785E-02    0.10114E-02    0.21159E-03    0.15771E-03   -0.25838E+02   -0.25816E+02   -0.25816E+02
   370    0.24129E+03    0.80912E-02    0.11274E-02    0.20630E-03    0.11932E-03   -0.25835E+02   -0.25816E+02   -0.25816E+02
   371    0.21995E+03    0.81403E-02    0.11677E-02    0.96329E-03    0.35415E-03   -0.25834E+02   -0.25815E+02   -0.25815E+02
   372    0.23741E+03    0.84459E-02    0.12924E-02    0.18465E-02    0.65682E-03   -0.25835E+02   -0.25814E+02   -0.25814E+02
   373    0.24088E+03    0.84924E-02    0.17954E-02    0.12622E-02    0.70438E-03   -0.25834E+02   -0.25813E+02   -0.25812E+02
   374    0.25393E+03    0.82397E-02    0.22980E-02    0.54007E-03    0.38193E-03   -0.25832E+02   -0.25812E+02   -0.25811E+02
   375    0.24102E+03    0.79677E-02    0.18299E-02    0.55058E-03    0.17532E-03   -0.25830E+02   -0.25811E+02   -0.25811E+02
   376    0.26744E+03    0.82859E-02    0.17594E-02    0.10495E-02    0.40474E-03   -0.25831E+02   -0.25809E+02   -0.25809E+02
   377    0.29178E+03    0.83420E-02    0.20012E-02    0.13593E-02    0.14895E-03   -0.25830E+02   -0.25807E+02   -0.25807E+02
   378    0.35731E+03    0.90304E-02    0.24195E-02    0.73479E-03    0.19650E-03   -0.25831E+02   -0.25805E+02   -0.25805E+02
   379    0.31920E+03    0.87554E-02    0.37238E-02    0.23853E-03    0.18618E-03   -0.25828E+02   -0.25803E+02   -0.25803E+02
   380    0.25068E+03    0.80635E-02    0.42317E-02    0.29850E-03    0.29913E-03   -0.25826E+02   -0.25804E+02   -0.25804E+02
   381    0.21695E+03    0.77786E-02    0.41996E-02    0.19638E-04    0.10596E-03   -0.25825E+02   -0.25805E+02   -0.25805E+02
   382    0.22503E+03    0.78137E-02    0.31548E-02    0.94863E-03    0.79152E-04   -0.25825E+02   -0.25804E+02   -0.25804E+02
   383    0.23927E+03    0.80985E-02    0.17170E-02    0.21204E-02    0.10108E-03   -0.25825E+02   -0.25804E+02   -0.25804E+02
   384    0.25668E+03    0.79831E-02    0.11403E-02    0.16134E-02    0.16161E-03   -0.25825E+02   -0.25804E+02   -0.25804E+02
   385    0.26685E+03    0.83954E-02    0.12286E-02    0.64113E-03    0.64007E-03   -0.25826E+02   -0.25805E+02   -0.25805E+02
   386    0.26833E+03    0.83738E-02    0.10045E-02    0.15359E-03    0.10090E-02   -0.25826E+02   -0.25806E+02   -0.25805E+02
   387    0.29230E+03    0.88859E-02    0.12587E-02    0.11827E-03    0.21079E-02   -0.25828E+02   -0.25807E+02   -0.25804E+02
   388    0.29313E+03    0.86503E-02    0.13429E-02    0.16733E-03    0.26973E-02   -0.25828E+02   -0.25807E+02   -0.25804E+02
   389    0.33014E+03    0.87409E-02    0.13528E-02    0.42079E-03    0.36324E-02   -0.25831E+02   -0.25808E+02   -0.25804E+02
   390    0.32030E+03    0.92909E-02    0.10447E-02    0.11615E-02    0.28734E-02   -0.25833E+02   -0.25809E+02   -0.25807E+02
   391    0.27090E+03    0.85880E-02    0.95000E-03    0.10484E-02    0.30460E-02   -0.25832E+02   -0.25811E+02   -0.25808E+02
   392    0.23831E+03    0.82703E-02    0.10361E-02    0.42636E-03    0.39034E-02   -0.25831E+02   -0.25812E+02   -0.25808E+02
   393    0.27982E+03    0.84959E-02    0.71490E-03    0.51988E-03    0.79945E-02   -0.25834E+02   -0.25814E+02   -0.25806E+02
   394    0.21633E+03    0.80345E-02    0.22331E-02    0.14526E-02    0.13854E-01   -0.25832E+02   -0.25812E+02   -0.25798E+02
   395    0.27237E+03    0.79760E-02    0.17591E-02    0.32188E-02    0.13612E-01   -0.25833E+02   -0.25810E+02   -0.25796E+02
   396    0.35086E+03    0.86255E-02    0.26269E-02    0.16466E-02    0.14860E-01   -0.25833E+02   -0.25807E+02   -0.25792E+02
   397    0.31740E+03    0.87555E-02    0.25187E-02    0.12440E-05    0.16509E-01   -0.25830E+02   -0.25807E+02   -0.25790E+02
   398    0.37364E+03    0.89142E-02    0.39130E-02    0.83672E-04    0.16779E-01   -0.25832E+02   -0.25805E+02   -0.25788E+02
   399    0.32559E+03    0.87397E-02    0.37522E-02    0.26601E-02    0.17401E-01   -0.25833E+02   -0.25805E+02   -0.25788E+02
   400    0.27950E+03    0.84211E-02    0.17300E-02    0.89654E-03    0.19725E-01   -0.25830E+02   -0.25809E+02   -0.25789E+02
   401    0.22530E+03    0.78585E-02    0.19695E-02    0.63077E-03    0.18508E-01   -0.25828E+02   -0.25809E+02   -0.25790E+02
   402    0.22962E+03    0.80408E-02    0.26481E-02    0.27763E-02    0.17632E-01   -0.25829E+02   -0.25807E+02   -0.25789E+02
   403    0.27057E+03    0.78196E-02    0.21341E-02    0.17895E-02    0.16453E-01   -0.25827E+02   -0.25805E+02   -0.25789E+02
   404    0.31155E+03    0.84601E-02    0.23443E-02    0.15057E-02    0.15310E-01   -0.25827E+02   -0.25803E+02   -0.25788E+02
   405    0.30471E+03    0.87419E-02    0.13743E-02    0.21992E-02    0.13355E-01   -0.25827E+02   -0.25803E+02   -0.25790E+02
   406    0.37403E+03    0.92732E-02    0.10262E-02    0.12503E-02    0.11923E-01   -0.25829E+02   -0.25803E+02   -0.25791E+02
   407    0.33075E+03    0.90111E-02    0.15145E-02    0.81923E-03    0.12667E-01   -0.25829E+02   -0.25805E+02   -0.25793E+02
   408    0.32021E+03    0.87233E-02    0.30274E-02    0.52004E-04    0.15574E-01   -0.25828E+02   -0.25804E+02   -0.25788E+02
   409    0.30110E+03    0.83908E-02    0.31995E-02    0.24906E-02    0.15590E-01   -0.25829E+02   -0.25803E+02   -0.25788E+02
   410    0.32443E+03    0.84043E-02    0.39752E-02    0.21999E-02    0.16717E-01   -0.25829E+02   -0.25802E+02   -0.25785E+02
   411    0.34204E+03    0.86092E-02    0.34194E-02    0.40608E-03    0.16739E-01   -0.25828E+02   -0.25802E+02   -0.25786E+02
   412    0.31920E+03    0.84234E-02    0.29387E-02    0.72979E-03    0.17246E-01   -0.25828E+02   -0.25803E+02   -0.25786E+02
   413    0.27028E+03    0.85455E-02    0.40563E-02    0.13489E-02    0.18523E-01   -0.25828E+02   -0.25804E+02   -0.25785E+02
   414    0.26181E+03    0.85028E-02    0.48977E-02    0.13897E-02    0.19018E-01   -0.25829E+02   -0.25805E+02   -0.25786E+02
   415    0.26988E+03    0.85379E-02    0.42641E-02    0.43376E-03    0.19811E-01   -0.25830E+02   -0.25806E+02   -0.25786E+02
   416    0.29175E+03    0.86824E-02    0.44887E-02    0.25904E-03    0.20244E-01   -0.25832E+02   -0.25807E+02   -0.25787E+02
   417    0.23361E+03    0.84464E-02    0.50212E-02    0.48729E-03    0.18642E-01   -0.25829E+02   -0.25807E+02   -0.25788E+02
   418    0.27076E+03    0.86744E-02    0.32186E-02    0.18413E-02    0.15000E-01   -0.25827E+02   -0.25803E+02   -0.25788E+02
   419    0.21691E+03    0.79162E-02    0.18649E-02    0.42312E-02    0.99205E-02   -0.25822E+02   -0.25800E+02   -0.25790E+02
   420    0.26277E+03    0.86802E-02    0.15947E-02    0.60939E-02    0.56206E-02   -0.25819E+02   -0.25792E+02   -0.25787E+02
   421    0.39810E+03    0.96677E-02    0.14362E-02    0.33198E-02    0.33995E-02   -0.25818E+02   -0.25789E+02   -0.25785E+02
   422    0.36325E+03    0.97786E-02    0.12364E-02    0.10482E-02    0.25589E-02   -0.25816E+02   -0.25790E+02   -0.25788E+02
   423    0.30265E+03    0.99074E-02    0.26475E-02    0.93963E-03    0.21968E-02   -0.25820E+02   -0.25795E+02   -0.25793E+02
   424    0.34848E+03    0.95210E-02    0.24067E-02    0.21147E-02    0.18928E-02   -0.25821E+02   -0.25793E+02   -0.25792E+02
   425    0.36255E+03    0.97443E-02    0.26057E-02    0.32819E-02    0.17000E-02   -0.25820E+02   -0.25790E+02   -0.25788E+02
   426    0.28597E+03    0.90298E-02    0.26892E-02    0.33278E-02    0.98584E-03   -0.25812E+02   -0.25787E+02   -0.25786E+02
   427    0.26334E+03    0.90939E-02    0.30558E-02    0.30339E-02    0.84532E-03   -0.25805E+02   -0.25779E+02   -0.25779E+02
   428    0.25987E+03    0.83918E-02    0.16779E-02    0.53656E-02    0.79818E-03   -0.25801E+02   -0.25776E+02   -0.25775E+02
   429    0.25694E+03    0.85082E-02    0.12527E-02    0.39840E-02    0.13932E-02   -0.25798E+02   -0.25775E+02   -0.25773E+02
   430    0.29171E+03    0.85697E-02    0.10126E-02    0.11985E-02    0.22744E-02   -0.25799E+02   -0.25777E+02   -0.25775E+02
   431    0.31159E+03    0.91792E-02    0.12124E-02    0.69187E-03    0.31163E-02   -0.25801E+02   -0.25778E+02   -0.25775E+02
   432    0.31218E+03    0.91564E-02    0.12017E-02    0.21793E-02    0.42641E-02   -0.25807E+02   -0.25783E+02   -0.25779E+02
   433    0.20209E+03    0.83299E-02    0.10031E-02    0.25360E-02    0.54519E-02   -0.25804E+02   -0.25784E+02   -0.25779E+02
   434    0.34423E+03    0.95465E-02    0.97630E-03    0.40284E-02    0.62684E-02   -0.25808E+02   -0.25780E+02   -0.25774E+02
   435    0.30530E+03    0.90257E-02    0.11725E-02    0.29272E-02    0.51638E-02   -0.25804E+02   -0.25779E+02   -0.25774E+02
   436    0.31951E+03    0.89052E-02    0.12800E-02    0.27696E-02    0.42445E-02   -0.25803E+02   -0.25778E+02   -0.25774E+02
   437    0.27928E+03    0.86026E-02    0.95579E-03    0.31421E-02    0.36725E-02   -0.25800E+02   -0.25776E+02   -0.25773E+02
   438    0.34493E+03    0.92684E-02    0.93411E-03    0.32093E-02    0.23224E-02   -0.25805E+02   -0.25778E+02   -0.25776E+02
   439    0.34992E+03    0.10085E-01    0.10942E-02    0.31966E-02    0.19505E-02   -0.25809E+02   -0.25781E+02   -0.25779E+02
   440    0.36533E+03    0.10090E-01    0.13873E-02    0.44108E-02    0.20242E-02   -0.25815E+02   -0.25785E+02   -0.25783E+02
   441    0.36155E+03    0.10439E-01    0.12603E-02    0.41929E-02    0.20747E-02   -0.25819E+02   -0.25789E+02   -0.25787E+02
   442    0.32886E+03    0.99437E-02    0.10574E-02    0.38935E-02    0.24830E-02   -0.25818E+02   -0.25791E+02   -0.25788E+02
   443    0.33088E+03    0.97324E-02    0.97677E-03    0.36117E-02    0.23322E-02   -0.25820E+02   -0.25793E+02   -0.25790E+02
   444    0.23494E+03    0.89378E-02    0.11865E-02    0.36143E-02    0.21056E-02   -0.25818E+02   -0.25796E+02   -0.25793E+02
   445    0.26712E+03    0.93935E-02    0.11917E-02    0.21602E-02    0.21701E-02   -0.25817E+02   -0.25795E+02   -0.25792E+02
   446    0.21616E+03    0.90210E-02    0.12123E-02    0.19088E-02    0.21665E-02   -0.25817E+02   -0.25797E+02   -0.25795E+02
   447    0.21642E+03    0.85070E-02    0.10304E-02    0.27376E-02    0.28127E-02   -0.25820E+02   -0.25799E+02   -0.25796E+02
   448    0.25630E+03    0.84293E-02    0.11896E-02    0.47250E-02    0.30226E-02   -0.25826E+02   -0.25802E+02   -0.25799E+02
   449    0.22792E+03    0.85971E-02    0.10770E-02    0.54288E-02    0.18703E-02   -0.25825E+02   -0.25801E+02   -0.25799E+02
   450    0.24049E+03    0.85348E-02    0.10072E-02    0.46001E-02    0.17370E-02   -0.25828E+02   -0.25804E+02   -0.25803E+02
   451    0.22980E+03    0.84577E-02    0.10761E-02    0.21979E-02    0.26972E-02   -0.25827E+02   -0.25807E+02   -0.25804E+02
   452    0.27557E+03    0.86309E-02    0.13164E-02    0.13583E-02    0.33797E-02   -0.25830E+02   -0.25808E+02   -0.25805E+02
   453    0.29172E+03    0.85670E-02    0.10396E-02    0.92863E-03    0.27616E-02   -0.25831E+02   -0.25809E+02   -0.25807E+02
   454    0.29503E+03    0.89870E-02    0.11034E-02    0.73629E-03    0.23814E-02   -0.25833E+02   -0.25811E+02   -0.25808E+02
   455    0.28962E+03    0.95360E-02    0.11721E-02    0.17227E-02    0.35182E-02   -0.25836E+02   -0.25812E+02   -0.25809E+02
   456    0.22689E+03    0.83888E-02    0.96389E-03    0.16407E-02    0.75834E-02   -0.25834E+02   -0.25815E+02   -0.25807E+02
   457    0.28989E+03    0.92353E-02    0.14450E-02    0.19381E-02    0.11564E-01   -0.25839E+02   -0.25815E+02   -0.25804E+02
   458    0.25078E+03    0.85216E-02    0.28173E-02    0.37428E-02    0.11139E-01   -0.25837E+02   -0.25813E+02   -0.25801E+02
   459    0.30306E+03    0.88932E-02    0.27331E-02    0.38866E-02    0.89798E-02   -0.25836E+02   -0.25809E+02   -0.25800E+02
   460    0.30941E+03    0.90212E-02    0.31896E-02    0.31134E-02    0.54421E-02   -0.25832E+02   -0.25805E+02   -0.25800E+02
   461    0.26710E+03    0.88919E-02    0.44054E-02    0.27715E-02    0.25302E-02   -0.25828E+02   -0.25802E+02   -0.25799E+02
   462    0.30531E+03    0.96273E-02    0.28994E-02    0.30390E-02    0.54075E-03   -0.25829E+02   -0.25801E+02   -0.25801E+02
   463    0.26366E+03    0.91159E-02    0.13817E-02    0.29835E-02    0.77003E-04   -0.25825E+02   -0.25802E+02   -0.25802E+02
   464    0.28571E+03    0.89806E-02    0.10488E-02    0.23097E-02    0.46482E-03   -0.25826E+02   -0.25802E+02   -0.25802E+02
   465    0.33149E+03    0.94312E-02    0.11326E-02    0.12382E-02    0.11174E-02   -0.25827E+02   -0.25803E+02   -0.25802E+02
   466    0.36377E+03    0.91649E-02    0.12129E-02    0.18435E-02    0.14225E-02   -0.25830E+02   -0.25804E+02   -0.25802E+02
   467    0.31648E+03    0.91927E-02    0.12620E-02    0.41534E-02    0.21229E-02   -0.25832E+02   -0.25805E+02   -0.25803E+02
   468    0.25737E+03    0.92117E-02    0.13333E-02    0.73011E-02    0.29875E-02   -0.25835E+02   -0.25807E+02   -0.25804E+02
   469    0.28784E+03    0.95243E-02    0.16297E-02    0.60380E-02    0.31431E-02   -0.25836E+02   -0.25808E+02   -0.25805E+02
   470    0.31586E+03    0.97924E-02    0.14871E-02    0.35852E-02    0.31055E-02   -0.25835E+02   -0.25809E+02   -0.25805E+02
   471    0.34729E+03    0.98736E-02    0.13270E-02    0.21773E-02    0.28840E-02   -0.25835E+02   -0.25808E+02   -0.25805E+02
   472    0.39421E+03    0.97446E-02    0.16044E-02    0.15878E-02    0.29057E-02   -0.25835E+02   -0.25807E+02   -0.25804E+02
   473    0.30916E+03    0.93544E-02    0.27054E-02    0.47486E-03    0.44594E-02   -0.25831E+02   -0.25807E+02   -0.25802E+02
   474    0.35264E+03    0.96817E-02    0.37420E-02    0.65182E-04    0.59100E-02   -0.25833E+02   -0.25806E+02   -0.25800E+02
   475    0.35854E+03    0.95569E-02    0.32991E-02    0.70133E-03    0.57900E-02   -0.25833E+02   -0.25806E+02   -0.25800E+02
   476    0.31312E+03    0.10422E-01    0.31035E-02    0.73810E-03    0.54577E-02   -0.25835E+02   -0.25809E+02   -0.25804E+02
   477    0.34857E+03    0.97595E-02    0.34438E-02    0.30080E-03    0.53362E-02   -0.25835E+02   -0.25809E+02   -0.25803E+02
   478    0.32206E+03    0.97562E-02    0.51506E-02    0.17375E-03    0.48853E-02   -0.25835E+02   -0.25807E+02   -0.25802E+02
   479    0.28888E+03    0.92184E-02    0.39840E-02    0.86174E-04    0.43172E-02   -0.25833E+02   -0.25808E+02   -0.25804E+02
   480    0.27167E+03    0.89090E-02    0.44878E-02    0.15688E-02    0.26567E-02   -0.25832E+02   -0.25806E+02   -0.25804E+02
   481    0.28132E+03    0.88566E-02    0.32263E-02    0.65162E-02    0.20154E-02   -0.25833E+02   -0.25804E+02   -0.25802E+02
   482    0.21718E+03    0.85772E-02    0.14931E-02    0.81354E-02    0.14248E-02   -0.25828E+02   -0.25802E+02   -0.25800E+02
   483    0.21590E+03    0.90234E-02    0.12335E-02    0.65620E-02    0.17216E-02   -0.25827E+02   -0.25802E+02   -0.25800E+02
   484    0.25840E+03    0.91436E-02    0.19230E-02    0.47553E-02    0.36249E-02   -0.25829E+02   -0.25803E+02   -0.25799E+02
   485    0.23450E+03    0.85289E-02    0.28554E-02    0.45217E-02    0.66405E-02   -0.25829E+02   -0.25804E+02   -0.25798E+02
   486    0.29271E+03    0.91556E-02    0.31497E-02    0.24552E-02    0.94669E-02   -0.25829E+02   -0.25803E+02   -0.25793E+02
   487    0.29598E+03    0.92865E-02    0.33945E-02    0.87887E-03    0.12253E-01   -0.25830E+02   -0.25805E+02   -0.25793E+02
   488    0.33757E+03    0.91475E-02    0.32758E-02    0.32411E-03    0.14740E-01   -0.25832E+02   -0.25807E+02   -0.25792E+02
   489    0.30530E+03    0.83713E-02    0.23198E-02    0.95060E-03    0.17463E-01   -0.25832E+02   -0.25809E+02   -0.25792E+02
   490    0.26864E+03    0.87569E-02    0.14414E-02    0.23371E-02    0.17222E-01   -0.25834E+02   -0.25811E+02   -0.25794E+02
   491    0.27595E+03    0.89625E-02    0.25831E-02    0.11768E-02    0.19553E-01   -0.25834E+02   -0.25811E+02   -0.25791E+02
   492    0.28831E+03    0.90900E-02    0.34705E-02    0.42989E-03    0.21795E-01   -0.25834E+02   -0.25810E+02   -0.25788E+02
   493    0.32088E+03    0.94484E-02    0.25139E-02    0.68398E-03    0.22513E-01   -0.25835E+02   -0.25810E+02   -0.25788E+02
   494    0.20257E+03    0.85664E-02    0.34835E-02    0.14441E-02    0.22960E-01   -0.25829E+02   -0.25808E+02   -0.25785E+02
   495    0.26509E+03    0.88331E-02    0.29908E-02    0.31682E-02    0.22272E-01   -0.25831E+02   -0.25806E+02   -0.25783E+02
   496    0.24618E+03    0.84191E-02    0.26864E-02    0.38416E-02    0.21697E-01   -0.25826E+02   -0.25802E+02   -0.25780E+02
   497    0.39936E+03    0.92597E-02    0.23191E-02    0.23971E-02    0.21289E-01   -0.25829E+02   -0.25800E+02   -0.25778E+02
   498    0.28414E+03    0.86877E-02    0.15696E-02    0.33482E-02    0.17906E-01   -0.25826E+02   -0.25801E+02   -0.25783E+02
   499    0.22346E+03    0.86786E-02    0.10624E-02    0.32173E-02    0.12199E-01   -0.25821E+02   -0.25800E+02   -0.25788E+02
   500    0.25326E+03    0.87283E-02    0.95913E-03    0.29620E-02    0.55159E-02   -0.25820E+02   -0.25798E+02   -0.25792E+02
   501    0.23595E+03    0.85335E-02    0.10577E-02    0.37603E-02    0.28834E-02   -0.25818E+02   -0.25795E+02   -0.25793E+02
   502    0.35960E+03    0.94802E-02    0.26535E-02    0.57450E-02    0.50147E-02   -0.25824E+02   -0.25793E+02   -0.25788E+02
   503    0.36534E+03    0.96482E-02    0.27965E-02    0.42157E-02    0.10398E-01   -0.25827E+02   -0.25796E+02   -0.25786E+02
   504    0.34234E+03    0.96894E-02    0.36754E-02    0.38805E-02    0.15418E-01   -0.25830E+02   -0.25799E+02   -0.25784E+02
   505    0.34419E+03    0.94516E-02    0.37367E-02    0.41828E-02    0.17000E-01   -0.25833E+02   -0.25803E+02   -0.25786E+02
   506    0.30763E+03    0.90316E-02    0.39609E-02    0.20365E-02    0.17118E-01   -0.25833E+02   -0.25806E+02   -0.25789E+02
   507    0.28437E+03    0.90556E-02    0.44068E-02    0.13723E-03    0.17443E-01   -0.25832E+02   -0.25807E+02   -0.25790E+02
   508    0.28797E+03    0.88166E-02    0.38604E-02    0.75778E-03    0.16571E-01   -0.25831E+02   -0.25807E+02   -0.25790E+02
   509    0.28060E+03    0.89765E-02    0.46938E-02    0.72275E-03    0.13869E-01   -0.25829E+02   -0.25804E+02   -0.25790E+02
   510    0.28374E+03    0.89586E-02    0.36031E-02    0.15474E-02    0.11162E-01   -0.25827E+02   -0.25802E+02   -0.25791E+02
   511    0.37450E+03    0.10191E-01    0.31776E-02    0.42936E-02    0.83565E-02   -0.25831E+02   -0.25799E+02   -0.25791E+02
   512    0.36662E+03    0.95716E-02    0.34190E-02    0.32434E-02    0.65271E-02   -0.25829E+02   -0.25799E+02   -0.25793E+02
   513    0.31659E+03    0.93544E-02    0.28340E-02    0.17231E-02    0.41321E-02   -0.25826E+02   -0.25800E+02   -0.25796E+02
   514    0.23642E+03    0.88273E-02    0.26442E-02    0.13744E-02    0.23923E-02   -0.25820E+02   -0.25798E+02   -0.25796E+02
   515    0.20526E+03    0.83822E-02    0.38289E-02    0.33085E-02    0.17839E-02   -0.25817E+02   -0.25794E+02   -0.25792E+02
   516    0.20987E+03    0.86989E-02    0.18987E-02    0.55940E-02    0.11954E-02   -0.25814E+02   -0.25789E+02   -0.25788E+02
   517    0.22003E+03    0.85548E-02    0.11980E-02    0.82148E-02    0.15604E-02   -0.25816E+02   -0.25789E+02   -0.25788E+02
   518    0.27365E+03    0.91763E-02    0.13801E-02    0.72134E-02    0.29064E-02   -0.25814E+02   -0.25786E+02   -0.25783E+02
   519    0.38702E+03    0.99569E-02    0.17317E-02    0.46422E-02    0.38483E-02   -0.25818E+02   -0.25787E+02   -0.25783E+02
   520    0.30591E+03    0.95470E-02    0.18477E-02    0.32390E-02    0.40030E-02   -0.25818E+02   -0.25792E+02   -0.25788E+02
   521    0.37790E+03    0.99683E-02    0.37991E-02    0.20496E-02    0.52717E-02   -0.25822E+02   -0.25792E+02   -0.25786E+02
   522    0.33518E+03    0.10306E-01    0.50491E-02    0.20583E-03    0.71862E-02   -0.25824E+02   -0.25796E+02   -0.25789E+02
   523    0.35859E+03    0.96997E-02    0.37626E-02    0.57776E-03    0.95770E-02   -0.25825E+02   -0.25797E+02   -0.25788E+02
   524    0.30812E+03    0.97414E-02    0.33153E-02    0.40896E-03    0.11929E-01   -0.25823E+02   -0.25798E+02   -0.25786E+02
   525    0.28318E+03    0.94513E-02    0.36758E-02    0.77385E-03    0.14560E-01   -0.25822E+02   -0.25798E+02   -0.25783E+02
   526    0.32723E+03    0.10005E-01    0.30663E-02    0.17625E-02    0.17452E-01   -0.25825E+02   -0.25797E+02   -0.25780E+02
   527    0.30266E+03    0.95965E-02    0.31579E-02    0.90634E-03    0.20216E-01   -0.25823E+02   -0.25798E+02   -0.25777E+02
   528    0.27077E+03    0.89961E-02    0.35065E-02    0.32994E-03    0.21768E-01   -0.25821E+02   -0.25797E+02   -0.25776E+02
   529    0.24223E+03    0.86341E-02    0.34883E-02    0.28962E-03    0.21368E-01   -0.25818E+02   -0.25797E+02   -0.25775E+02
   530    0.24269E+03    0.87107E-02    0.37978E-02    0.43068E-03    0.20050E-01   -0.25817E+02   -0.25795E+02   -0.25775E+02
   531    0.25012E+03    0.89666E-02    0.45366E-02    0.33149E-03    0.18109E-01   -0.25817E+02   -0.25793E+02   -0.25775E+02
   532    0.23470E+03    0.89994E-02    0.49852E-02    0.20800E-02    0.14488E-01   -0.25815E+02   -0.25790E+02   -0.25776E+02
   533    0.27423E+03    0.94414E-02    0.36639E-02    0.30101E-02    0.10322E-01   -0.25815E+02   -0.25788E+02   -0.25778E+02
   534    0.25416E+03    0.96261E-02    0.36054E-02    0.47646E-02    0.63808E-02   -0.25811E+02   -0.25784E+02   -0.25777E+02
   535    0.27285E+03    0.94485E-02    0.23963E-02    0.64301E-02    0.35065E-02   -0.25810E+02   -0.25781E+02   -0.25778E+02
   536    0.26081E+03    0.94826E-02    0.13984E-02    0.65320E-02    0.20680E-02   -0.25808E+02   -0.25781E+02   -0.25778E+02
   537    0.29397E+03    0.92806E-02    0.99710E-03    0.38912E-02    0.19742E-02   -0.25807E+02   -0.25782E+02   -0.25780E+02
   538    0.29577E+03    0.92389E-02    0.10332E-02    0.51545E-02    0.22661E-02   -0.25810E+02   -0.25784E+02   -0.25781E+02
   539    0.30572E+03    0.92217E-02    0.12606E-02    0.82148E-02    0.25967E-02   -0.25817E+02   -0.25786E+02   -0.25784E+02
   540    0.30983E+03    0.97180E-02    0.12985E-02    0.90189E-02    0.46075E-02   -0.25822E+02   -0.25790E+02   -0.25786E+02
   541    0.23139E+03    0.89688E-02    0.25250E-02    0.57750E-02    0.10670E-01   -0.25820E+02   -0.25794E+02   -0.25783E+02
   542    0.25927E+03    0.90885E-02    0.39184E-02    0.73593E-02    0.14863E-01   -0.25822E+02   -0.25792E+02   -0.25777E+02
   543    0.29464E+03    0.95568E-02    0.34224E-02    0.88706E-02    0.17584E-01   -0.25831E+02   -0.25797E+02   -0.25780E+02
   544    0.22427E+03    0.93667E-02    0.28109E-02    0.73209E-02    0.23643E-01   -0.25831E+02   -0.25803E+02   -0.25779E+02
   545    0.29643E+03    0.96859E-02    0.18904E-02    0.55466E-02    0.27676E-01   -0.25832E+02   -0.25803E+02   -0.25776E+02
   546    0.34553E+03    0.97362E-02    0.36587E-02    0.22574E-02    0.31954E-01   -0.25831E+02   -0.25802E+02   -0.25770E+02
   547    0.34718E+03    0.96533E-02    0.39686E-02    0.48173E-03    0.29458E-01   -0.25834E+02   -0.25806E+02   -0.25777E+02
   548    0.32496E+03    0.96839E-02    0.41739E-02    0.48867E-03    0.24163E-01   -0.25834E+02   -0.25807E+02   -0.25783E+02
   549    0.23919E+03    0.89939E-02    0.44897E-02    0.92937E-04    0.21043E-01   -0.25831E+02   -0.25808E+02   -0.25787E+02
   550    0.21968E+03    0.92891E-02    0.44050E-02    0.36286E-03    0.18006E-01   -0.25831E+02   -0.25808E+02   -0.25790E+02
   551    0.22776E+03    0.91301E-02    0.49415E-02    0.31941E-02    0.15314E-01   -0.25831E+02   -0.25805E+02   -0.25790E+02
   552    0.25649E+03    0.90759E-02    0.36384E-02    0.47371E-02    0.13735E-01   -0.25829E+02   -0.25802E+02   -0.25788E+02
   553    0.32994E+03    0.91999E-02    0.23901E-02    0.25381E-02    0.12314E-01   -0.25826E+02   -0.25800E+02   -0.25787E+02
   554    0.26992E+03    0.91760E-02    0.45751E-02    0.20823E-02    0.75129E-02   -0.25820E+02   -0.25794E+02   -0.25787E+02
   555    0.26636E+03    0.92840E-02    0.34921E-02    0.44323E-02    0.42154E-02   -0.25819E+02   -0.25792E+02   -0.25788E+02
   556    0.29178E+03    0.97286E-02    0.26860E-02    0.87977E-02    0.27683E-02   -0.25820E+02   -0.25788E+02   -0.25785E+02
   557    0.28508E+03    0.96835E-02    0.19377E-02    0.16345E-01    0.14980E-02   -0.25820E+02   -0.25782E+02   -0.25780E+02
   558    0.28644E+03    0.94397E-02    0.12261E-02    0.19299E-01    0.97029E-03   -0.25816E+02   -0.25775E+02   -0.25774E+02
   559    0.28481E+03    0.91338E-02    0.97016E-03    0.13231E-01    0.10089E-02   -0.25805E+02   -0.25771E+02   -0.25770E+02
   560    0.31406E+03    0.94732E-02    0.26210E-02    0.76701E-02    0.12155E-02   -0.25803E+02   -0.25771E+02   -0.25770E+02
   561    0.37611E+03    0.97813E-02    0.30958E-02    0.97521E-02    0.15465E-02   -0.25815E+02   -0.25778E+02   -0.25776E+02
   562    0.37915E+03    0.10222E-01    0.39414E-02    0.11487E-01    0.41304E-02   -0.25823E+02   -0.25782E+02   -0.25778E+02
   563    0.37560E+03    0.10673E-01    0.31071E-02    0.99682E-02    0.78463E-02   -0.25827E+02   -0.25789E+02   -0.25782E+02
   564    0.30129E+03    0.10075E-01    0.20016E-02    0.84870E-02    0.10506E-01   -0.25831E+02   -0.25799E+02   -0.25789E+02
   565    0.27657E+03    0.93049E-02    0.20137E-02    0.68742E-02    0.12835E-01   -0.25831E+02   -0.25803E+02   -0.25790E+02
   566    0.22611E+03    0.90519E-02    0.18751E-02    0.45294E-02    0.15379E-01   -0.25830E+02   -0.25806E+02   -0.25790E+02
   567    0.26784E+03    0.94442E-02    0.11898E-02    0.59457E-02    0.15708E-01   -0.25835E+02   -0.25808E+02   -0.25793E+02
   568    0.30243E+03    0.97919E-02    0.14587E-02    0.51650E-02    0.16131E-01   -0.25838E+02   -0.25810E+02   -0.25794E+02
   569    0.26532E+03    0.95035E-02    0.20681E-02    0.13418E-02    0.20576E-01   -0.25834E+02   -0.25811E+02   -0.25791E+02
   570    0.23739E+03    0.92817E-02    0.25933E-02    0.47463E-03    0.23221E-01   -0.25833E+02   -0.25811E+02   -0.25788E+02
   571    0.24719E+03    0.90547E-02    0.36116E-02    0.13980E-02    0.23928E-01   -0.25834E+02   -0.25810E+02   -0.25786E+02
   572    0.26466E+03    0.92580E-02    0.34774E-02    0.81862E-03    0.22953E-01   -0.25835E+02   -0.25811E+02   -0.25788E+02
   573    0.33998E+03    0.98051E-02    0.40867E-02    0.43257E-03    0.18651E-01   -0.25837E+02   -0.25810E+02   -0.25792E+02
   574    0.31204E+03    0.97607E-02    0.21327E-02    0.44363E-03    0.14350E-01   -0.25837E+02   -0.25813E+02   -0.25799E+02
   575    0.26460E+03    0.89569E-02    0.15362E-02    0.92706E-03    0.10442E-01   -0.25836E+02   -0.25814E+02   -0.25804E+02
   576    0.23091E+03    0.92141E-02    0.14785E-02    0.13821E-02    0.92088E-02   -0.25834E+02   -0.25813E+02   -0.25804E+02
   577    0.23670E+03    0.93324E-02    0.35220E-02    0.29652E-02    0.95210E-02   -0.25834E+02   -0.25809E+02   -0.25800E+02
   578    0.22610E+03    0.91440E-02    0.30161E-02    0.58673E-02    0.81100E-02   -0.25834E+02   -0.25807E+02   -0.25799E+02
   579    0.25015E+03    0.94506E-02    0.36938E-02    0.11581E-01    0.72098E-02   -0.25836E+02   -0.25802E+02   -0.25795E+02
   580    0.32102E+03    0.98115E-02    0.34943E-02    0.11526E-01    0.44808E-02   -0.25832E+02   -0.25795E+02   -0.25790E+02
   581    0.37801E+03    0.10032E-01    0.26184E-02    0.51699E-02    0.27944E-02   -0.25822E+02   -0.25790E+02   -0.25787E+02
   582    0.39321E+03    0.10148E-01    0.35291E-02    0.25120E-02    0.15245E-02   -0.25817E+02   -0.25785E+02   -0.25784E+02
   583    0.28049E+03    0.96011E-02    0.23101E-02    0.51479E-02    0.53240E-03   -0.25815E+02   -0.25787E+02   -0.25786E+02
   584    0.22230E+03    0.95547E-02    0.82322E-03    0.58762E-02    0.28886E-03   -0.25810E+02   -0.25785E+02   -0.25785E+02
   585    0.22338E+03    0.93003E-02    0.10507E-02    0.46097E-02    0.75255E-03   -0.25804E+02   -0.25780E+02   -0.25779E+02
   586    0.24664E+03    0.91607E-02    0.23410E-02    0.52814E-02    0.94026E-03   -0.25805E+02   -0.25778E+02   -0.25777E+02
   587    0.29298E+03    0.97992E-02    0.37561E-02    0.53102E-02    0.11757E-02   -0.25809E+02   -0.25779E+02   -0.25777E+02
   588    0.33648E+03    0.99097E-02    0.39852E-02    0.37967E-02    0.18201E-02   -0.25816E+02   -0.25786E+02   -0.25784E+02
   589    0.35091E+03    0.99442E-02    0.31335E-02    0.38212E-02    0.20473E-02   -0.25820E+02   -0.25790E+02   -0.25788E+02
   590    0.30878E+03    0.92373E-02    0.31482E-02    0.57823E-02    0.20209E-02   -0.25823E+02   -0.25793E+02   -0.25791E+02
   591    0.22978E+03    0.88846E-02    0.32777E-02    0.58017E-02    0.22995E-02   -0.25825E+02   -0.25798E+02   -0.25796E+02
   592    0.21645E+03    0.91934E-02    0.27352E-02    0.16808E-02    0.28533E-02   -0.25820E+02   -0.25798E+02   -0.25796E+02
   593    0.26086E+03    0.90196E-02    0.21320E-02    0.14449E-02    0.23687E-02   -0.25819E+02   -0.25797E+02   -0.25794E+02
   594    0.32821E+03    0.96412E-02    0.28045E-02    0.53129E-02    0.17715E-02   -0.25827E+02   -0.25797E+02   -0.25795E+02
   595    0.26111E+03    0.92446E-02    0.43734E-02    0.56512E-02    0.19771E-02   -0.25827E+02   -0.25798E+02   -0.25796E+02
   596    0.26688E+03    0.95219E-02    0.48022E-02    0.22076E-02    0.26626E-02   -0.25826E+02   -0.25799E+02   -0.25796E+02
   597    0.25926E+03    0.98376E-02    0.35451E-02    0.16894E-02    0.44097E-02   -0.25824E+02   -0.25799E+02   -0.25794E+02
   598    0.35973E+03    0.10362E-01    0.18917E-02    0.16772E-02    0.49691E-02   -0.25827E+02   -0.25799E+02   -0.25794E+02
   599    0.32458E+03    0.96842E-02    0.13700E-02    0.17494E-02    0.56927E-02   -0.25829E+02   -0.25804E+02   -0.25798E+02
   600    0.31284E+03    0.10284E-01    0.97430E-03    0.14471E-03    0.57416E-02   -0.25828E+02   -0.25805E+02   -0.25799E+02
   601    0.23535E+03    0.94369E-02    0.12844E-02    0.12351E-02    0.46256E-02   -0.25826E+02   -0.25805E+02   -0.25800E+02
   602    0.22123E+03    0.93767E-02    0.16235E-02    0.23306E-02    0.43985E-02   -0.25825E+02   -0.25803E+02   -0.25798E+02
   603    0.26136E+03    0.96072E-02    0.21879E-02    0.36986E-02    0.43638E-02   -0.25825E+02   -0.25800E+02   -0.25795E+02
   604    0.37057E+03    0.10594E-01    0.36902E-02    0.43547E-02    0.28416E-02   -0.25828E+02   -0.25795E+02   -0.25792E+02
   605    0.39023E+03    0.10618E-01    0.27326E-02    0.64749E-02    0.13182E-02   -0.25826E+02   -0.25792E+02   -0.25790E+02
   606    0.33496E+03    0.99548E-02    0.19652E-02    0.10295E-01    0.57343E-03   -0.25826E+02   -0.25791E+02   -0.25790E+02
   607    0.31999E+03    0.10529E-01    0.73745E-03    0.64365E-02    0.97283E-03   -0.25820E+02   -0.25790E+02   -0.25789E+02
   608    0.32523E+03    0.10096E-01    0.17427E-02    0.44631E-02    0.26113E-02   -0.25824E+02   -0.25795E+02   -0.25792E+02
   609    0.20303E+03    0.92053E-02    0.38870E-02    0.42208E-02    0.56678E-02   -0.25821E+02   -0.25796E+02   -0.25791E+02
   610    0.26961E+03    0.94268E-02    0.44896E-02    0.15499E-02    0.79899E-02   -0.25822E+02   -0.25796E+02   -0.25788E+02
   611    0.32020E+03    0.99278E-02    0.33678E-02    0.42777E-03    0.10906E-01   -0.25825E+02   -0.25799E+02   -0.25788E+02
   612    0.36937E+03    0.10032E-01    0.26675E-02    0.14118E-02    0.13520E-01   -0.25833E+02   -0.25805E+02   -0.25791E+02
   613    0.33284E+03    0.10277E-01    0.34718E-02    0.19054E-02    0.15640E-01   -0.25835E+02   -0.25807E+02   -0.25791E+02
   614    0.28055E+03    0.10047E-01    0.30127E-02    0.77513E-03    0.18461E-01   -0.25834E+02   -0.25809E+02   -0.25791E+02
   615    0.27719E+03    0.98672E-02    0.26048E-02    0.10060E-02    0.20678E-01   -0.25835E+02   -0.25811E+02   -0.25790E+02
   616    0.22171E+03    0.97497E-02    0.36908E-02    0.97217E-03    0.20124E-01   -0.25835E+02   -0.25812E+02   -0.25792E+02
   617    0.24360E+03    0.99031E-02    0.43312E-02    0.52176E-03    0.17893E-01   -0.25832E+02   -0.25808E+02   -0.25790E+02
   618    0.28051E+03    0.10008E-01    0.32971E-02    0.23891E-02    0.18241E-01   -0.25829E+02   -0.25803E+02   -0.25785E+02
   619    0.28504E+03    0.97492E-02    0.24918E-02    0.33892E-02    0.17591E-01   -0.25827E+02   -0.25800E+02   -0.25783E+02
   620    0.33654E+03    0.10135E-01    0.34222E-02    0.52391E-02    0.15048E-01   -0.25827E+02   -0.25796E+02   -0.25781E+02
   621    0.34886E+03    0.10317E-01    0.25026E-02    0.59627E-02    0.13079E-01   -0.25828E+02   -0.25796E+02   -0.25783E+02
   622    0.35192E+03    0.10700E-01    0.32147E-02    0.29654E-02    0.98965E-02   -0.25821E+02   -0.25791E+02   -0.25781E+02
   623    0.32247E+03    0.10613E-01    0.28458E-02    0.26343E-02    0.81685E-02   -0.25817E+02   -0.25789E+02   -0.25781E+02
   624    0.28550E+03    0.10440E-01    0.27332E-02    0.75788E-02    0.60227E-02   -0.25817E+02   -0.25785E+02   -0.25779E+02
   625    0.30019E+03    0.10136E-01    0.14065E-02    0.11412E-01    0.51419E-02   -0.25817E+02   -0.25783E+02   -0.25777E+02
   626    0.22870E+03    0.96671E-02    0.98227E-03    0.67068E-02    0.64834E-02   -0.25809E+02   -0.25783E+02   -0.25777E+02
   627    0.24684E+03    0.10059E-01    0.10260E-02    0.55446E-02    0.98613E-02   -0.25811E+02   -0.25784E+02   -0.25775E+02
   628    0.27415E+03    0.97069E-02    0.95633E-03    0.80587E-02    0.13640E-01   -0.25815E+02   -0.25786E+02   -0.25773E+02
   629    0.28155E+03    0.10102E-01    0.17290E-02    0.80748E-02    0.17490E-01   -0.25819E+02   -0.25788E+02   -0.25770E+02
   630    0.27748E+03    0.97893E-02    0.17515E-02    0.54296E-02    0.20629E-01   -0.25818E+02   -0.25790E+02   -0.25769E+02
   631    0.30151E+03    0.10532E-01    0.16363E-02    0.68980E-02    0.22437E-01   -0.25822E+02   -0.25792E+02   -0.25769E+02
   632    0.38085E+03    0.11128E-01    0.20291E-02    0.78254E-02    0.22899E-01   -0.25829E+02   -0.25793E+02   -0.25770E+02
   633    0.39474E+03    0.11093E-01    0.22991E-02    0.57500E-02    0.22343E-01   -0.25829E+02   -0.25794E+02   -0.25772E+02
   634    0.35397E+03    0.10407E-01    0.29135E-02    0.27419E-02    0.25080E-01   -0.25829E+02   -0.25799E+02   -0.25774E+02
   635    0.32602E+03    0.11003E-01    0.30922E-02    0.20905E-02    0.29622E-01   -0.25831E+02   -0.25802E+02   -0.25772E+02
   636    0.30757E+03    0.10306E-01    0.26888E-02    0.23595E-02    0.36541E-01   -0.25832E+02   -0.25805E+02   -0.25768E+02
   637    0.35562E+03    0.10481E-01    0.35809E-02    0.10949E-02    0.38653E-01   -0.25834E+02   -0.25805E+02   -0.25766E+02
   638    0.39623E+03    0.10789E-01    0.28154E-02    0.13839E-02    0.32361E-01   -0.25835E+02   -0.25805E+02   -0.25773E+02
   639    0.30471E+03    0.10119E-01    0.50291E-02    0.16688E-02    0.29201E-01   -0.25836E+02   -0.25808E+02   -0.25779E+02
   640    0.28024E+03    0.10004E-01    0.50088E-02    0.10568E-03    0.26344E-01   -0.25835E+02   -0.25809E+02   -0.25783E+02
   641    0.31138E+03    0.10589E-01    0.47818E-02    0.51181E-03    0.22888E-01   -0.25836E+02   -0.25809E+02   -0.25786E+02
   642    0.32986E+03    0.11423E-01    0.35161E-02    0.14209E-02    0.21911E-01   -0.25837E+02   -0.25808E+02   -0.25787E+02
   643    0.30615E+03    0.10830E-01    0.33444E-02    0.38535E-02    0.22152E-01   -0.25836E+02   -0.25806E+02   -0.25784E+02
   644    0.27939E+03    0.96922E-02    0.28696E-02    0.99019E-02    0.20442E-01   -0.25835E+02   -0.25802E+02   -0.25781E+02
   645    0.30877E+03    0.97469E-02    0.29899E-02    0.73967E-02    0.17262E-01   -0.25827E+02   -0.25795E+02   -0.25778E+02
   646    0.23853E+03    0.94670E-02    0.38292E-02    0.53013E-02    0.12895E-01   -0.25817E+02   -0.25790E+02   -0.25777E+02
   647    0.28343E+03    0.10173E-01    0.26358E-02    0.10240E-01    0.81996E-02   -0.25819E+02   -0.25785E+02   -0.25777E+02
   648    0.30883E+03    0.10269E-01    0.36058E-02    0.12470E-01    0.56337E-02   -0.25815E+02   -0.25777E+02   -0.25771E+02
   649    0.32978E+03    0.10690E-01    0.28410E-02    0.11984E-01    0.51586E-02   -0.25808E+02   -0.25770E+02   -0.25765E+02
   650    0.26166E+03    0.10540E-01    0.13897E-02    0.21565E-01    0.39443E-02   -0.25808E+02   -0.25765E+02   -0.25761E+02
   651    0.22299E+03    0.96919E-02    0.14126E-02    0.24349E-01    0.47928E-02   -0.25807E+02   -0.25763E+02   -0.25759E+02
   652    0.23665E+03    0.10095E-01    0.41167E-02    0.16994E-01    0.10248E-01   -0.25800E+02   -0.25760E+02   -0.25749E+02
   653    0.39281E+03    0.10505E-01    0.34689E-02    0.14035E-01    0.13377E-01   -0.25810E+02   -0.25767E+02   -0.25753E+02
   654    0.33253E+03    0.10478E-01    0.37264E-02    0.90907E-02    0.17781E-01   -0.25813E+02   -0.25777E+02   -0.25759E+02
   655    0.35194E+03    0.10854E-01    0.35242E-02    0.47042E-02    0.20091E-01   -0.25819E+02   -0.25786E+02   -0.25766E+02
   656    0.32494E+03    0.10992E-01    0.31926E-02    0.60059E-02    0.22184E-01   -0.25828E+02   -0.25795E+02   -0.25773E+02
   657    0.31993E+03    0.10483E-01    0.12006E-02    0.57966E-02    0.22013E-01   -0.25830E+02   -0.25800E+02   -0.25778E+02
   658    0.26814E+03    0.10018E-01    0.10991E-02    0.47235E-02    0.13435E-01   -0.25826E+02   -0.25800E+02   -0.25787E+02
   659    0.30844E+03    0.10106E-01    0.16029E-02    0.57774E-02    0.15062E-01   -0.25830E+02   -0.25801E+02   -0.25786E+02
   660    0.22573E+03    0.98891E-02    0.39916E-02    0.40404E-02    0.19888E-01   -0.25830E+02   -0.25803E+02   -0.25783E+02
   661    0.21873E+03    0.97369E-02    0.17557E-02    0.15698E-02    0.20682E-01   -0.25830E+02   -0.25808E+02   -0.25788E+02
   662    0.25226E+03    0.98555E-02    0.10926E-02    0.22247E-03    0.18488E-01   -0.25827E+02   -0.25806E+02   -0.25787E+02
   663    0.23053E+03    0.10075E-01    0.10520E-02    0.12152E-02    0.14366E-01   -0.25826E+02   -0.25805E+02   -0.25791E+02
   664    0.27124E+03    0.10404E-01    0.25560E-02    0.13013E-02    0.18660E-01   -0.25828E+02   -0.25803E+02   -0.25784E+02
   665    0.26995E+03    0.10422E-01    0.27895E-02    0.65544E-03    0.20842E-01   -0.25827E+02   -0.25803E+02   -0.25782E+02
   666    0.26560E+03    0.10137E-01    0.31128E-02    0.88438E-03    0.20999E-01   -0.25825E+02   -0.25801E+02   -0.25780E+02
   667    0.34149E+03    0.10382E-01    0.40624E-02    0.89817E-03    0.19150E-01   -0.25827E+02   -0.25798E+02   -0.25779E+02
   668    0.34540E+03    0.10248E-01    0.37581E-02    0.26526E-02    0.15473E-01   -0.25830E+02   -0.25800E+02   -0.25785E+02
   669    0.28896E+03    0.10288E-01    0.38697E-02    0.49953E-02    0.12915E-01   -0.25828E+02   -0.25798E+02   -0.25785E+02
   670    0.26585E+03    0.10029E-01    0.37406E-02    0.42734E-02    0.12219E-01   -0.25826E+02   -0.25798E+02   -0.25786E+02
   671    0.23762E+03    0.99282E-02    0.27000E-02    0.53237E-02    0.10746E-01   -0.25824E+02   -0.25797E+02   -0.25787E+02
   672    0.21747E+03    0.98583E-02    0.36357E-02    0.91585E-02    0.10751E-01   -0.25823E+02   -0.25792E+02   -0.25781E+02
   673    0.28059E+03    0.97794E-02    0.17393E-02    0.74379E-02    0.98209E-02   -0.25819E+02   -0.25789E+02   -0.25779E+02
   674    0.22225E+03    0.95466E-02    0.30549E-02    0.71335E-02    0.82936E-02   -0.25811E+02   -0.25783E+02   -0.25775E+02
   675    0.22429E+03    0.98937E-02    0.19432E-02    0.62190E-02    0.71038E-02   -0.25808E+02   -0.25781E+02   -0.25774E+02
   676    0.25982E+03    0.10015E-01    0.32249E-02    0.59338E-02    0.64462E-02   -0.25804E+02   -0.25776E+02   -0.25769E+02
   677    0.22524E+03    0.98978E-02    0.22901E-02    0.60460E-02    0.51650E-02   -0.25799E+02   -0.25772E+02   -0.25767E+02
   678    0.24163E+03    0.10029E-01    0.25865E-02    0.12245E-01    0.35013E-02   -0.25801E+02   -0.25766E+02   -0.25763E+02
   679    0.26898E+03    0.10524E-01    0.13620E-02    0.15231E-01    0.43018E-02   -0.25802E+02   -0.25764E+02   -0.25760E+02
   680    0.25647E+03    0.10072E-01    0.69398E-03    0.91648E-02    0.75855E-02   -0.25796E+02   -0.25766E+02   -0.25759E+02
   681    0.24983E+03    0.98521E-02    0.14600E-02    0.53728E-02    0.11191E-01   -0.25795E+02   -0.25768E+02   -0.25757E+02
   682    0.31777E+03    0.10145E-01    0.13033E-02    0.93532E-02    0.10556E-01   -0.25804E+02   -0.25771E+02   -0.25761E+02
   683    0.20818E+03    0.97117E-02    0.11922E-02    0.14654E-01    0.10512E-01   -0.25808E+02   -0.25774E+02   -0.25764E+02
   684    0.27152E+03    0.99369E-02    0.26258E-02    0.95374E-02    0.13938E-01   -0.25810E+02   -0.25778E+02   -0.25764E+02
   685    0.29169E+03    0.10372E-01    0.46307E-02    0.40031E-02    0.20854E-01   -0.25812E+02   -0.25782E+02   -0.25761E+02
   686    0.32969E+03    0.10155E-01    0.32272E-02    0.56093E-02    0.24996E-01   -0.25819E+02   -0.25788E+02   -0.25763E+02
   687    0.32439E+03    0.10330E-01    0.20030E-02    0.13937E-01    0.21773E-01   -0.25829E+02   -0.25790E+02   -0.25769E+02
   688    0.22168E+03    0.95877E-02    0.47321E-02    0.10908E-01    0.20288E-01   -0.25826E+02   -0.25793E+02   -0.25772E+02
   689    0.33533E+03    0.10405E-01    0.48701E-02    0.49076E-02    0.21649E-01   -0.25827E+02   -0.25794E+02   -0.25772E+02
   690    0.37013E+03    0.10821E-01    0.40917E-02    0.26056E-02    0.24270E-01   -0.25830E+02   -0.25798E+02   -0.25774E+02
   691    0.30200E+03    0.10638E-01    0.33090E-02    0.50159E-03    0.28117E-01   -0.25828E+02   -0.25802E+02   -0.25774E+02
   692    0.30373E+03    0.10266E-01    0.33390E-02    0.58622E-03    0.26009E-01   -0.25827E+02   -0.25802E+02   -0.25776E+02
   693    0.32901E+03    0.10491E-01    0.33611E-02    0.73933E-03    0.27426E-01   -0.25829E+02   -0.25802E+02   -0.25775E+02
   694    0.21226E+03    0.97969E-02    0.36860E-02    0.25635E-02    0.30586E-01   -0.25829E+02   -0.25805E+02   -0.25774E+02
   695    0.30000E+03    0.96358E-02    0.45608E-02    0.25311E-03    0.31666E-01   -0.25828E+02   -0.25802E+02   -0.25771E+02
   696    0.25117E+03    0.97840E-02    0.46807E-02    0.35623E-02    0.28671E-01   -0.25823E+02   -0.25796E+02   -0.25767E+02
   697    0.33994E+03    0.10299E-01    0.23373E-02    0.28086E-02    0.27491E-01   -0.25822E+02   -0.25794E+02   -0.25766E+02
   698    0.37166E+03    0.10459E-01    0.30996E-02    0.31502E-02    0.26580E-01   -0.25825E+02   -0.25794E+02   -0.25767E+02
   699    0.28976E+03    0.10898E-01    0.30448E-02    0.43218E-02    0.25083E-01   -0.25820E+02   -0.25790E+02   -0.25765E+02
   700    0.32892E+03    0.99856E-02    0.31409E-02    0.17666E-02    0.23256E-01   -0.25818E+02   -0.25791E+02   -0.25768E+02
   701    0.25979E+03    0.10160E-01    0.33096E-02    0.45511E-02    0.20708E-01   -0.25816E+02   -0.25787E+02   -0.25767E+02
   702    0.24078E+03    0.98562E-02    0.24693E-02    0.14579E-01    0.16978E-01   -0.25818E+02   -0.25782E+02   -0.25765E+02
   703    0.30876E+03    0.10399E-01    0.27255E-02    0.10815E-01    0.14373E-01   -0.25811E+02   -0.25775E+02   -0.25761E+02
   704    0.26021E+03    0.10125E-01    0.20796E-02    0.62159E-02    0.11350E-01   -0.25796E+02   -0.25768E+02   -0.25756E+02
   705    0.31579E+03    0.10799E-01    0.12612E-02    0.11306E-01    0.75483E-02   -0.25800E+02   -0.25765E+02   -0.25758E+02
   706    0.30000E+03    0.10996E-01    0.11087E-02    0.76775E-02    0.36592E-02   -0.25804E+02   -0.25773E+02   -0.25769E+02
   707    0.36940E+03    0.11662E-01    0.15739E-02    0.42922E-02    0.45620E-02   -0.25806E+02   -0.25774E+02   -0.25770E+02
   708    0.38975E+03    0.11799E-01    0.14770E-02    0.57292E-02    0.70719E-02   -0.25814E+02   -0.25780E+02   -0.25773E+02
   709    0.32104E+03    0.11608E-01    0.10531E-02    0.45025E-02    0.60367E-02   -0.25815E+02   -0.25786E+02   -0.25780E+02
   710    0.35978E+03    0.11899E-01    0.10623E-02    0.19062E-02    0.56717E-02   -0.25815E+02   -0.25787E+02   -0.25781E+02
   711    0.36439E+03    0.11465E-01    0.21303E-02    0.23954E-02    0.10561E-01   -0.25821E+02   -0.25792E+02   -0.25781E+02
   712    0.27137E+03    0.10810E-01    0.38727E-02    0.32556E-02    0.13465E-01   -0.25821E+02   -0.25792E+02   -0.25779E+02
   713    0.30250E+03    0.11155E-01    0.44506E-02    0.63929E-02    0.12264E-01   -0.25825E+02   -0.25792E+02   -0.25780E+02
   714    0.29971E+03    0.11135E-01    0.49049E-02    0.48424E-02    0.10838E-01   -0.25822E+02   -0.25790E+02   -0.25779E+02
   715    0.28097E+03    0.10693E-01    0.49517E-02    0.23505E-02    0.85596E-02   -0.25817E+02   -0.25788E+02   -0.25780E+02
   716    0.33750E+03    0.10683E-01    0.31013E-02    0.15148E-02    0.71094E-02   -0.25820E+02   -0.25791E+02   -0.25784E+02
   717    0.33447E+03    0.10865E-01    0.19022E-02    0.82307E-03    0.54215E-02   -0.25820E+02   -0.25794E+02   -0.25789E+02
   718    0.30546E+03    0.10620E-01    0.15198E-02    0.49779E-03    0.29724E-02   -0.25824E+02   -0.25799E+02   -0.25796E+02
   719    0.22415E+03    0.10522E-01    0.16373E-02    0.39412E-03    0.17434E-02   -0.25817E+02   -0.25796E+02   -0.25794E+02
   720    0.26375E+03    0.10554E-01    0.13656E-02    0.11692E-02    0.11619E-02   -0.25814E+02   -0.25791E+02   -0.25790E+02
   721    0.34426E+03    0.11246E-01    0.12240E-02    0.26707E-02    0.63969E-03   -0.25817E+02   -0.25789E+02   -0.25788E+02
   722    0.33447E+03    0.10948E-01    0.32724E-02    0.21128E-02    0.24158E-03   -0.25815E+02   -0.25786E+02   -0.25786E+02
   723    0.36015E+03    0.11313E-01    0.35240E-02    0.28337E-02    0.54695E-03   -0.25816E+02   -0.25784E+02   -0.25784E+02
   724    0.27929E+03    0.10588E-01    0.23947E-02    0.84618E-02    0.86460E-03   -0.25814E+02   -0.25782E+02   -0.25781E+02
   725    0.29537E+03    0.10531E-01    0.84653E-03    0.71221E-02    0.16394E-02   -0.25811E+02   -0.25781E+02   -0.25780E+02
   726    0.30074E+03    0.10578E-01    0.92434E-03    0.32973E-02    0.43464E-02   -0.25808E+02   -0.25782E+02   -0.25778E+02
   727    0.38641E+03    0.11306E-01    0.14361E-02    0.15601E-02    0.85037E-02   -0.25812E+02   -0.25783E+02   -0.25774E+02
   728    0.34009E+03    0.10582E-01    0.27675E-02    0.13601E-03    0.13272E-01   -0.25816E+02   -0.25790E+02   -0.25777E+02
   729    0.33713E+03    0.10929E-01    0.82650E-03    0.33856E-03    0.15539E-01   -0.25816E+02   -0.25792E+02   -0.25776E+02
   730    0.24867E+03    0.10433E-01    0.18886E-02    0.10996E-02    0.19966E-01   -0.25813E+02   -0.25790E+02   -0.25770E+02
   731    0.23951E+03    0.10688E-01    0.22479E-02    0.88926E-03    0.19337E-01   -0.25807E+02   -0.25784E+02   -0.25765E+02
   732    0.38922E+03    0.11702E-01    0.96918E-03    0.65179E-03    0.89081E-02   -0.25814E+02   -0.25786E+02   -0.25777E+02
   733    0.36994E+03    0.11892E-01    0.10178E-02    0.21331E-02    0.33685E-02   -0.25817E+02   -0.25788E+02   -0.25785E+02
   734    0.34680E+03    0.10872E-01    0.12380E-02    0.13166E-03    0.21353E-02   -0.25820E+02   -0.25795E+02   -0.25793E+02
   735    0.33546E+03    0.10971E-01    0.96592E-03    0.25403E-02    0.19726E-02   -0.25822E+02   -0.25795E+02   -0.25793E+02
   736    0.25746E+03    0.10840E-01    0.12651E-02    0.52678E-02    0.22209E-02   -0.25819E+02   -0.25792E+02   -0.25790E+02
   737    0.23713E+03    0.10682E-01    0.25812E-02    0.79536E-02    0.41523E-02   -0.25823E+02   -0.25793E+02   -0.25789E+02
   738    0.24250E+03    0.10939E-01    0.27087E-02    0.47428E-02    0.73307E-02   -0.25820E+02   -0.25792E+02   -0.25785E+02
   739    0.32357E+03    0.11266E-01    0.26413E-02    0.72847E-03    0.99009E-02   -0.25822E+02   -0.25795E+02   -0.25785E+02
   740    0.38305E+03    0.12348E-01    0.22756E-02    0.42952E-04    0.14401E-01   -0.25825E+02   -0.25796E+02   -0.25782E+02
   741    0.37343E+03    0.11618E-01    0.29593E-02    0.18235E-05    0.19567E-01   -0.25824E+02   -0.25796E+02   -0.25776E+02
   742    0.29370E+03    0.11125E-01    0.19870E-02    0.16683E-03    0.21471E-01   -0.25821E+02   -0.25796E+02   -0.25775E+02
   743    0.25780E+03    0.10987E-01    0.21093E-02    0.10363E-02    0.21709E-01   -0.25819E+02   -0.25795E+02   -0.25773E+02
   744    0.34715E+03    0.11101E-01    0.15854E-02    0.27543E-02    0.22308E-01   -0.25822E+02   -0.25793E+02   -0.25771E+02
   745    0.35465E+03    0.11511E-01    0.14386E-02    0.23005E-02    0.21299E-01   -0.25823E+02   -0.25794E+02   -0.25773E+02
   746    0.34621E+03    0.11303E-01    0.18448E-02    0.21262E-02    0.18548E-01   -0.25828E+02   -0.25799E+02   -0.25781E+02
   747    0.33926E+03    0.12077E-01    0.33756E-02    0.10370E-02    0.18454E-01   -0.25827E+02   -0.25797E+02   -0.25779E+02
   748    0.37140E+03    0.12137E-01    0.28431E-02    0.49209E-03    0.21699E-01   -0.25828E+02   -0.25799E+02   -0.25777E+02
   749    0.33296E+03    0.11611E-01    0.27839E-02    0.24315E-03    0.25864E-01   -0.25827E+02   -0.25800E+02   -0.25774E+02
   750    0.20392E+03    0.10372E-01    0.33987E-02    0.58713E-03    0.28215E-01   -0.25821E+02   -0.25799E+02   -0.25771E+02
   751    0.23959E+03    0.10434E-01    0.38661E-02    0.17943E-02    0.26390E-01   -0.25819E+02   -0.25793E+02   -0.25767E+02
   752    0.22141E+03    0.10436E-01    0.46394E-02    0.21035E-02    0.24365E-01   -0.25816E+02   -0.25790E+02   -0.25766E+02
   753    0.20494E+03    0.10591E-01    0.18291E-02    0.17482E-02    0.24295E-01   -0.25814E+02   -0.25792E+02   -0.25768E+02
   754    0.28356E+03    0.11708E-01    0.11881E-02    0.15378E-02    0.24960E-01   -0.25817E+02   -0.25792E+02   -0.25767E+02
   755    0.34572E+03    0.12483E-01    0.16610E-02    0.27214E-02    0.24325E-01   -0.25819E+02   -0.25789E+02   -0.25765E+02
   756    0.32553E+03    0.11980E-01    0.28480E-02    0.49323E-02    0.22932E-01   -0.25817E+02   -0.25785E+02   -0.25762E+02
   757    0.24471E+03    0.10804E-01    0.14508E-02    0.81841E-02    0.17692E-01   -0.25811E+02   -0.25781E+02   -0.25764E+02
   758    0.23065E+03    0.10678E-01    0.11734E-02    0.13065E-01    0.99680E-02   -0.25806E+02   -0.25772E+02   -0.25762E+02
   759    0.22032E+03    0.10583E-01    0.95669E-03    0.20155E-01    0.42184E-02   -0.25806E+02   -0.25766E+02   -0.25761E+02
   760    0.37645E+03    0.11623E-01    0.21399E-02    0.23267E-01    0.25874E-02   -0.25811E+02   -0.25759E+02   -0.25757E+02
   761    0.35560E+03    0.12017E-01    0.39062E-02    0.15694E-01    0.53883E-02   -0.25815E+02   -0.25770E+02   -0.25765E+02
   762    0.31086E+03    0.11951E-01    0.44253E-02    0.85250E-02    0.54985E-02   -0.25813E+02   -0.25776E+02   -0.25771E+02
   763    0.34977E+03    0.12376E-01    0.46817E-02    0.31671E-02    0.83761E-02   -0.25812E+02   -0.25779E+02   -0.25770E+02
   764    0.37076E+03    0.12473E-01    0.36053E-02    0.14844E-02    0.11789E-01   -0.25813E+02   -0.25782E+02   -0.25770E+02
   765    0.37424E+03    0.12027E-01    0.26819E-02    0.17010E-02    0.15123E-01   -0.25815E+02   -0.25785E+02   -0.25770E+02
   766    0.29022E+03    0.11155E-01    0.32488E-02    0.39348E-02    0.17587E-01   -0.25816E+02   -0.25787E+02   -0.25769E+02
   767    0.20008E+03    0.10468E-01    0.18784E-02    0.66083E-02    0.18101E-01   -0.25818E+02   -0.25791E+02   -0.25773E+02
   768    0.21505E+03    0.10523E-01    0.11274E-02    0.62874E-02    0.16540E-01   -0.25817E+02   -0.25791E+02   -0.25774E+02
   769    0.21213E+03    0.10634E-01    0.10197E-02    0.29323E-02    0.16310E-01   -0.25815E+02   -0.25792E+02   -0.25776E+02
   770    0.22487E+03    0.11116E-01    0.15568E-02    0.26461E-02    0.21999E-01   -0.25813E+02   -0.25789E+02   -0.25767E+02
   771    0.24679E+03    0.11038E-01    0.31943E-02    0.21358E-02    0.26292E-01   -0.25816E+02   -0.25791E+02   -0.25764E+02
   772    0.21306E+03    0.10712E-01    0.40110E-02    0.30291E-02    0.24543E-01   -0.25816E+02   -0.25790E+02   -0.25766E+02
   773    0.30809E+03    0.10749E-01    0.44927E-02    0.20632E-02    0.20234E-01   -0.25817E+02   -0.25788E+02   -0.25768E+02
   774    0.33896E+03    0.11567E-01    0.48061E-02    0.13088E-02    0.17036E-01   -0.25824E+02   -0.25794E+02   -0.25777E+02
   775    0.31123E+03    0.11825E-01    0.41066E-02    0.53335E-04    0.16032E-01   -0.25823E+02   -0.25796E+02   -0.25780E+02
   776    0.29369E+03    0.11691E-01    0.42561E-02    0.80408E-03    0.15061E-01   -0.25822E+02   -0.25794E+02   -0.25779E+02
   777    0.32579E+03    0.11594E-01    0.40686E-02    0.17911E-03    0.13715E-01   -0.25821E+02   -0.25792E+02   -0.25779E+02
   778    0.37568E+03    0.11882E-01    0.33252E-02    0.91875E-04    0.15352E-01   -0.25823E+02   -0.25793E+02   -0.25778E+02
   779    0.27441E+03    0.11731E-01    0.46140E-02    0.37157E-03    0.15459E-01   -0.25819E+02   -0.25792E+02   -0.25777E+02
