       1 -0.278289E-01 -0.597384E-02  0.000000E+00  0.000000E+00      0.0000E+00      0.0000E+00
       2 -0.401737E-01  0.674153E-02  0.645425E-02  0.150038E-02      0.0000E+00      0.0000E+00
       3 -0.200256E-01  0.661174E-02  0.149414E-01  0.787080E-02      0.0000E+00      0.0000E+00
       4  0.140454E-02 -0.104746E-01  0.118944E-01  0.149911E-01      0.0000E+00      0.0000E+00
       5 -0.328677E-02 -0.194924E-01  0.655252E-02  0.111340E-01      0.0000E+00      0.0000E+00
       6 -0.255257E-01 -0.134287E-01  0.397400E-02  0.543108E-01      0.0000E+00      0.0000E+00
       7 -0.319358E-01 -0.504392E-02  0.438840E-02  0.181516E-01      0.0000E+00      0.0000E+00
       8 -0.154756E-01 -0.107193E-01 -0.233189E-02  0.157141E-01      0.0000E+00      0.0000E+00
       9  0.176110E-01 -0.315693E-01 -0.652300E-02  0.968427E-02      0.0000E+00      0.0000E+00
      10  0.397582E-01 -0.350551E-01 -0.223939E-01  0.785749E-02      0.0000E+00      0.0000E+00
      11  0.345467E-01 -0.137565E-01 -0.426665E-01  0.760246E-03      0.0000E+00      0.0000E+00
      12  0.168474E-01 -0.990705E-03 -0.262144E-01  0.949224E-02      0.0000E+00      0.0000E+00
      13  0.936364E-02 -0.114612E-01 -0.636313E-02 -0.737998E-02      0.0000E+00      0.0000E+00
      14  0.167123E-01 -0.195562E-01 -0.277479E-02 -0.204014E-02      0.0000E+00      0.0000E+00
      15  0.233634E-01 -0.320625E-02 -0.748362E-02 -0.648161E-02      0.0000E+00      0.0000E+00
      16  0.155439E-01  0.180538E-01 -0.745998E-02 -0.212357E-01      0.0000E+00      0.0000E+00
      17 -0.254987E-02  0.193762E-01 -0.434239E-02 -0.131834E-01      0.0000E+00      0.0000E+00
      18 -0.167898E-01  0.138025E-01 -0.106409E-02 -0.898813E-02      0.0000E+00      0.0000E+00
      19 -0.129959E-01  0.210745E-01  0.384878E-02 -0.756706E-02      0.0000E+00      0.0000E+00
      20  0.850956E-02  0.304026E-01  0.486061E-02 -0.180548E-01      0.0000E+00      0.0000E+00
      21  0.208150E-01  0.374181E-01 -0.129367E-02 -0.797929E-02      0.0000E+00      0.0000E+00
      22  0.140658E-01  0.419011E-01  0.255727E-02 -0.251587E-01      0.0000E+00      0.0000E+00
      23  0.287436E-02  0.455550E-01  0.136359E-01 -0.223247E-01      0.0000E+00      0.0000E+00
      24 -0.147062E-02  0.434762E-01  0.219772E-01 -0.112043E-01      0.0000E+00      0.0000E+00
      25 -0.208547E-02  0.259771E-01  0.235249E-01 -0.654126E-02      0.0000E+00      0.0000E+00
      26 -0.626019E-02  0.169125E-01  0.202189E-01 -0.269277E-02      0.0000E+00      0.0000E+00
      27 -0.197044E-01  0.266748E-01  0.176942E-01  0.275535E-02      0.0000E+00      0.0000E+00
      28 -0.333899E-01  0.264868E-01  0.171359E-01  0.277179E-02      0.0000E+00      0.0000E+00
      29 -0.367202E-01  0.103024E-01  0.258215E-01 -0.619501E-02      0.0000E+00      0.0000E+00
      30 -0.271209E-01 -0.570504E-02  0.299258E-01 -0.501997E-01      0.0000E+00      0.0000E+00
      31 -0.121751E-01  0.829236E-03  0.355360E-01 -0.114790E+00      0.0000E+00      0.0000E+00
      32 -0.552624E-02  0.215428E-01  0.691748E-02 -0.171642E-01      0.0000E+00      0.0000E+00
      33 -0.841198E-02  0.179552E-01 -0.136488E-01  0.161338E-01      0.0000E+00      0.0000E+00
      34 -0.426618E-02 -0.700925E-02 -0.142607E-01  0.969261E-02      0.0000E+00      0.0000E+00
      35  0.523129E-02 -0.659737E-02 -0.104344E-01  0.402445E-01      0.0000E+00      0.0000E+00
      36  0.154717E-01  0.994644E-02 -0.570474E-01  0.306476E-01      0.0000E+00      0.0000E+00
      37  0.226945E-01  0.180235E-01 -0.682216E-01 -0.563231E-02      0.0000E+00      0.0000E+00
      38  0.269504E-01  0.476398E-02 -0.401012E-01 -0.194590E-01      0.0000E+00      0.0000E+00
      39  0.298607E-01  0.944736E-03 -0.207778E-01 -0.114089E-01      0.0000E+00      0.0000E+00
      40  0.318517E-01  0.121111E-01 -0.306376E-01 -0.534477E-02      0.0000E+00      0.0000E+00
      41  0.385382E-01  0.157850E-01 -0.841205E-02 -0.342542E-02      0.0000E+00      0.0000E+00
      42  0.476648E-01 -0.390661E-02 -0.310968E-01 -0.235200E-02      0.0000E+00      0.0000E+00
      43  0.511426E-01 -0.235399E-01 -0.204091E-01 -0.608960E-03      0.0000E+00      0.0000E+00
      44  0.383461E-01 -0.131499E-01 -0.519267E-01  0.179002E-01      0.0000E+00      0.0000E+00
      45  0.349824E-01  0.752065E-02 -0.466120E-01  0.301474E-01      0.0000E+00      0.0000E+00
      46  0.440120E-01  0.499967E-02 -0.226900E-01  0.227601E-01      0.0000E+00      0.0000E+00
      47  0.459630E-01 -0.150958E-01 -0.260099E-01  0.371628E-01      0.0000E+00      0.0000E+00
      48  0.373733E-01 -0.276198E-01 -0.120727E-01  0.383235E-01      0.0000E+00      0.0000E+00
      49  0.262952E-01 -0.287987E-01 -0.122935E-01  0.300226E-01      0.0000E+00      0.0000E+00
      50  0.180254E-01 -0.266777E-01 -0.790792E-02  0.282822E-01      0.0000E+00      0.0000E+00
      51  0.139063E-01 -0.272040E-01  0.143572E-01  0.371716E-01      0.0000E+00      0.0000E+00
      52  0.117125E-01 -0.261954E-01 -0.294462E-01  0.551150E-01      0.0000E+00      0.0000E+00
      53  0.846730E-02 -0.325424E-01 -0.130962E-01  0.745327E-01      0.0000E+00      0.0000E+00
      54 -0.406584E-03 -0.386534E-01  0.245617E-01  0.882541E-01      0.0000E+00      0.0000E+00
      55 -0.133803E-01 -0.359815E-01  0.349811E-01  0.307758E-01      0.0000E+00      0.0000E+00
      56 -0.222866E-01 -0.192552E-01  0.345732E-01  0.136473E-01      0.0000E+00      0.0000E+00
      57 -0.264093E-01 -0.168030E-01  0.299756E-01  0.990794E-02      0.0000E+00      0.0000E+00
      58 -0.301093E-01 -0.290946E-01  0.188616E-01  0.719250E-02      0.0000E+00      0.0000E+00
      59 -0.323204E-01 -0.361099E-01  0.231347E-01  0.107016E-01      0.0000E+00      0.0000E+00
      60 -0.324929E-01 -0.234813E-01  0.359709E-01  0.772432E-02      0.0000E+00      0.0000E+00
      61 -0.367921E-01 -0.107321E-01  0.469499E-01  0.233990E-01      0.0000E+00      0.0000E+00
      62 -0.459109E-01 -0.683483E-02  0.420480E-01  0.201442E-01      0.0000E+00      0.0000E+00
      63 -0.501624E-01 -0.378388E-02  0.366272E-01 -0.402616E-02      0.0000E+00      0.0000E+00
      64 -0.447197E-01  0.117614E-01  0.314489E-01 -0.137990E-01      0.0000E+00      0.0000E+00
      65 -0.373222E-01  0.252201E-01  0.235612E-01 -0.220722E-01      0.0000E+00      0.0000E+00
      66 -0.365564E-01  0.975080E-02  0.415147E-01  0.116667E-01      0.0000E+00      0.0000E+00
      67 -0.392489E-01 -0.943590E-02  0.962545E-01  0.163316E-01      0.0000E+00      0.0000E+00
      68 -0.515597E-01  0.706585E-02  0.640630E-01 -0.265821E-01      0.0000E+00      0.0000E+00
      69 -0.569140E-01  0.421056E-01  0.321289E-01 -0.765580E-01      0.0000E+00      0.0000E+00
      70 -0.446253E-01  0.539814E-01  0.344602E-01 -0.493083E-01      0.0000E+00      0.0000E+00
      71 -0.326815E-01  0.371816E-01  0.335828E-01 -0.590459E-01      0.0000E+00      0.0000E+00
      72 -0.363242E-01  0.294269E-01  0.475159E-01 -0.509091E-01      0.0000E+00      0.0000E+00
      73 -0.430718E-01  0.570158E-01  0.461344E-01 -0.456920E-01      0.0000E+00      0.0000E+00
      74 -0.328036E-01  0.662375E-01  0.344482E-01 -0.529306E-01      0.0000E+00      0.0000E+00
      75 -0.755589E-02  0.575420E-01  0.205286E-01 -0.620695E-01      0.0000E+00      0.0000E+00
      76  0.159811E-01  0.646752E-01  0.941679E-02 -0.638468E-01      0.0000E+00      0.0000E+00
      77  0.190252E-01  0.816890E-01 -0.151482E-02 -0.649824E-01      0.0000E+00      0.0000E+00
      78  0.138858E-01  0.656409E-01 -0.474092E-01 -0.760791E-01      0.0000E+00      0.0000E+00
      79  0.143441E-01  0.492707E-01 -0.575763E-01 -0.622099E-01      0.0000E+00      0.0000E+00
      80  0.310184E-01  0.614857E-01 -0.629670E-01 -0.314443E-01      0.0000E+00      0.0000E+00
      81  0.461159E-01  0.690382E-01 -0.519069E-01 -0.241010E-01      0.0000E+00      0.0000E+00
      82  0.458719E-01  0.480326E-01 -0.420630E-01 -0.321617E-01      0.0000E+00      0.0000E+00
      83  0.293279E-01  0.224415E-01 -0.304355E-01 -0.203092E-01      0.0000E+00      0.0000E+00
      84  0.125649E-01  0.237430E-01 -0.149999E-01 -0.304262E-01      0.0000E+00      0.0000E+00
      85  0.914787E-02  0.243849E-01 -0.230482E-01 -0.192606E-01      0.0000E+00      0.0000E+00
      86  0.248671E-01  0.167797E-01 -0.627736E-01 -0.249145E-01      0.0000E+00      0.0000E+00
      87  0.516319E-01  0.162909E-01 -0.393018E-01 -0.213428E-01      0.0000E+00      0.0000E+00
      88  0.638535E-01  0.221812E-01 -0.208028E-01 -0.130225E-01      0.0000E+00      0.0000E+00
      89  0.576880E-01  0.146384E-01 -0.575627E-01 -0.113738E-01      0.0000E+00      0.0000E+00
      90  0.550914E-01 -0.282820E-02 -0.741677E-01 -0.197846E-01      0.0000E+00      0.0000E+00
      91  0.731859E-01 -0.249782E-01 -0.546742E-01 -0.969964E-02      0.0000E+00      0.0000E+00
      92  0.789432E-01 -0.229997E-01 -0.657027E-01  0.453601E-01      0.0000E+00      0.0000E+00
      93  0.693565E-01 -0.537756E-02 -0.793628E-01  0.779414E-01      0.0000E+00      0.0000E+00
      94  0.530919E-01 -0.256860E-02 -0.580469E-01  0.523368E-01      0.0000E+00      0.0000E+00
      95  0.410693E-01 -0.232392E-01 -0.425137E-01  0.358777E-01      0.0000E+00      0.0000E+00
      96  0.337200E-01 -0.432135E-01 -0.295023E-01  0.189648E-01      0.0000E+00      0.0000E+00
      97  0.346405E-01 -0.472994E-01 -0.244829E-01  0.168837E-01      0.0000E+00      0.0000E+00
      98  0.296417E-01 -0.409200E-01 -0.251708E-01  0.316579E-01      0.0000E+00      0.0000E+00
      99  0.201704E-01 -0.339660E-01 -0.235671E-01  0.348470E-01      0.0000E+00      0.0000E+00
     100  0.829197E-02 -0.360378E-01 -0.165144E-01  0.385967E-01      0.0000E+00      0.0000E+00
     101  0.343016E-02 -0.425201E-01 -0.539958E-02  0.425007E-01      0.0000E+00      0.0000E+00
     102  0.501097E-02 -0.446806E-01 -0.525131E-02  0.471051E-01      0.0000E+00      0.0000E+00
     103  0.100889E-01 -0.444850E-01 -0.248309E-03  0.555649E-01      0.0000E+00      0.0000E+00
     104  0.112402E-01 -0.487239E-01  0.442116E-01  0.539758E-01      0.0000E+00      0.0000E+00
     105  0.899500E-02 -0.554374E-01  0.158597E-01  0.417347E-01      0.0000E+00      0.0000E+00
     106  0.362556E-02 -0.538293E-01 -0.702582E-02  0.489907E-01      0.0000E+00      0.0000E+00
     107  0.113520E-02 -0.437293E-01  0.161685E-01  0.553281E-01      0.0000E+00      0.0000E+00
     108 -0.330192E-02 -0.410196E-01  0.457398E-01  0.455378E-01      0.0000E+00      0.0000E+00
     109 -0.111351E-01 -0.426743E-01  0.507342E-01  0.271117E-01      0.0000E+00      0.0000E+00
     110 -0.209079E-01 -0.403857E-01  0.487289E-01  0.188358E-01      0.0000E+00      0.0000E+00
     111 -0.350212E-01 -0.325741E-01  0.477528E-01  0.403997E-02      0.0000E+00      0.0000E+00
     112 -0.467170E-01 -0.289833E-01  0.321591E-01  0.420630E-02      0.0000E+00      0.0000E+00
     113 -0.482527E-01 -0.234696E-01  0.277948E-01  0.100093E-02      0.0000E+00      0.0000E+00
     114 -0.386380E-01 -0.238360E-01  0.442257E-01 -0.118738E-01      0.0000E+00      0.0000E+00
     115 -0.374542E-01 -0.234682E-01  0.375689E-01  0.259426E-01      0.0000E+00      0.0000E+00
     116 -0.419245E-01 -0.233524E-01  0.472368E-01  0.117171E+00      0.0000E+00      0.0000E+00
     117 -0.549325E-01 -0.104761E-01  0.720095E-01  0.847122E-01      0.0000E+00      0.0000E+00
     118 -0.715695E-01  0.597494E-02  0.622242E-01 -0.768241E-02      0.0000E+00      0.0000E+00
     119 -0.792642E-01  0.151801E-01  0.511751E-01 -0.372340E-01      0.0000E+00      0.0000E+00
     120 -0.705846E-01  0.137393E-01  0.481608E-01 -0.459620E-01      0.0000E+00      0.0000E+00
     121 -0.606772E-01  0.282481E-02  0.676286E-01 -0.301707E-01      0.0000E+00      0.0000E+00
     122 -0.609976E-01  0.856701E-02  0.576050E-01 -0.323932E-01      0.0000E+00      0.0000E+00
     123 -0.632174E-01  0.253692E-01  0.463583E-01 -0.356313E-01      0.0000E+00      0.0000E+00
     124 -0.507535E-01  0.345376E-01  0.334629E-01 -0.492406E-01      0.0000E+00      0.0000E+00
     125 -0.320741E-01  0.309087E-01  0.263787E-01 -0.613999E-01      0.0000E+00      0.0000E+00
     126 -0.151237E-01  0.386232E-01  0.262854E-01 -0.644396E-01      0.0000E+00      0.0000E+00
     127 -0.165461E-01  0.446427E-01  0.417156E-01 -0.420887E-01      0.0000E+00      0.0000E+00
     128 -0.364006E-01  0.488106E-01  0.350055E-01 -0.276400E-01      0.0000E+00      0.0000E+00
     129 -0.520260E-01  0.480307E-01  0.291179E-01 -0.382645E-01      0.0000E+00      0.0000E+00
     130 -0.438723E-01  0.690349E-01  0.458946E-01 -0.410775E-01      0.0000E+00      0.0000E+00
     131 -0.276539E-01  0.734764E-01  0.694072E-01 -0.696225E-01      0.0000E+00      0.0000E+00
     132 -0.321120E-01  0.537849E-01  0.249685E-01 -0.840936E-01      0.0000E+00      0.0000E+00
     133 -0.382328E-01  0.409737E-01  0.400249E-01 -0.649334E-01      0.0000E+00      0.0000E+00
     134 -0.413764E-01  0.440877E-01  0.573749E-01 -0.319961E-02      0.0000E+00      0.0000E+00
     135 -0.373340E-01  0.374479E-01  0.522229E-01 -0.137589E-01      0.0000E+00      0.0000E+00
     136 -0.355616E-01  0.240230E-01  0.577266E-01 -0.102698E+00      0.0000E+00      0.0000E+00
     137 -0.386959E-01  0.283530E-01  0.827156E-01 -0.760978E-01      0.0000E+00      0.0000E+00
     138 -0.511282E-01  0.324109E-01  0.605104E-01 -0.489525E-01      0.0000E+00      0.0000E+00
     139 -0.651791E-01  0.304995E-01  0.613835E-01 -0.245783E-01      0.0000E+00      0.0000E+00
     140 -0.739408E-01  0.242201E-01  0.643372E-01 -0.137568E-01      0.0000E+00      0.0000E+00
     141 -0.685268E-01  0.260267E-01  0.533776E-01 -0.144095E-01      0.0000E+00      0.0000E+00
     142 -0.567527E-01  0.176477E-01  0.514698E-01 -0.215729E-02      0.0000E+00      0.0000E+00
     143 -0.508167E-01  0.990266E-02  0.523433E-01  0.535673E-02      0.0000E+00      0.0000E+00
     144 -0.572677E-01  0.486419E-02  0.531760E-01 -0.378475E-01      0.0000E+00      0.0000E+00
     145 -0.682541E-01  0.105181E-01  0.594876E-01 -0.170813E-01      0.0000E+00      0.0000E+00
     146 -0.727767E-01  0.675464E-03  0.507149E-01  0.737015E-01      0.0000E+00      0.0000E+00
     147 -0.674462E-01 -0.127487E-01  0.730166E-01  0.268635E-01      0.0000E+00      0.0000E+00
     148 -0.568991E-01 -0.232868E-01  0.262868E-01  0.374855E-01      0.0000E+00      0.0000E+00
     149 -0.462523E-01 -0.112545E-01 -0.736269E-03  0.478672E-01      0.0000E+00      0.0000E+00
     150 -0.434126E-01 -0.596804E-02  0.473408E-01 -0.670977E-02      0.0000E+00      0.0000E+00
     151 -0.477885E-01 -0.140004E-01  0.520494E-01 -0.506976E-01      0.0000E+00      0.0000E+00
     152 -0.424912E-01 -0.229172E-01  0.333101E-01 -0.275834E-01      0.0000E+00      0.0000E+00
     153 -0.321381E-01 -0.197047E-01  0.663624E-01  0.111314E+00      0.0000E+00      0.0000E+00
     154 -0.323121E-01 -0.155013E-01 -0.343121E-01  0.161488E+00      0.0000E+00      0.0000E+00
     155 -0.230432E-01 -0.275832E-01  0.375437E-01  0.671827E-02      0.0000E+00      0.0000E+00
     156 -0.145569E-01 -0.189137E-01 -0.179780E-01  0.643396E-03      0.0000E+00      0.0000E+00
     157 -0.702966E-02 -0.830744E-03  0.675436E-02  0.277347E-01      0.0000E+00      0.0000E+00
     158  0.648407E-03 -0.837272E-02 -0.301958E-01  0.638506E-01      0.0000E+00      0.0000E+00
     159  0.121419E-01 -0.378710E-01 -0.353806E-01  0.691477E-01      0.0000E+00      0.0000E+00
     160  0.241252E-01 -0.443461E-01  0.588515E-02  0.542432E-02      0.0000E+00      0.0000E+00
     161  0.242384E-01 -0.238633E-01 -0.266266E-01 -0.274805E-01      0.0000E+00      0.0000E+00
     162  0.151729E-01 -0.149730E-02 -0.344752E-01 -0.575082E-01      0.0000E+00      0.0000E+00
     163  0.109791E-01 -0.645818E-02  0.866372E-03  0.589509E-03      0.0000E+00      0.0000E+00
     164  0.528214E-02 -0.766058E-02 -0.151518E-01 -0.655661E-02      0.0000E+00      0.0000E+00
     165  0.517668E-02 -0.364527E-02 -0.159314E-01 -0.492523E-01      0.0000E+00      0.0000E+00
     166  0.736609E-02  0.801429E-02 -0.234246E-01 -0.472193E-01      0.0000E+00      0.0000E+00
     167  0.162218E-01  0.408360E-02 -0.260286E-01 -0.381436E-01      0.0000E+00      0.0000E+00
     168  0.241700E-01  0.515094E-02 -0.437576E-02 -0.763131E-02      0.0000E+00      0.0000E+00
     169  0.287169E-01  0.222465E-01 -0.200466E-01 -0.154059E-01      0.0000E+00      0.0000E+00
     170  0.320920E-01  0.489588E-01 -0.560233E-01 -0.458369E-01      0.0000E+00      0.0000E+00
     171  0.504578E-01  0.529938E-01 -0.349191E-01 -0.429467E-01      0.0000E+00      0.0000E+00
     172  0.565322E-01  0.383382E-01 -0.371622E-01 -0.624688E-01      0.0000E+00      0.0000E+00
     173  0.476321E-01  0.414823E-01 -0.770796E-01 -0.371967E-01      0.0000E+00      0.0000E+00
     174  0.493223E-01  0.660118E-01 -0.422701E-01 -0.229435E-01      0.0000E+00      0.0000E+00
     175  0.592507E-01  0.674213E-01 -0.261526E-01 -0.467244E-01      0.0000E+00      0.0000E+00
     176  0.608165E-01  0.458939E-01 -0.968089E-01 -0.562299E-01      0.0000E+00      0.0000E+00
     177  0.639028E-01  0.464308E-01 -0.568524E-01 -0.269206E-01      0.0000E+00      0.0000E+00
     178  0.584451E-01  0.370200E-01 -0.560735E-01 -0.130686E-01      0.0000E+00      0.0000E+00
     179  0.508758E-01  0.189978E-01 -0.610988E-01 -0.349053E-01      0.0000E+00      0.0000E+00
     180  0.528660E-01  0.102840E-01 -0.569973E-01 -0.203839E-01      0.0000E+00      0.0000E+00
     181  0.566881E-01  0.248886E-01 -0.407336E-01 -0.995353E-02      0.0000E+00      0.0000E+00
     182  0.552230E-01  0.221372E-01 -0.361829E-01 -0.474579E-02      0.0000E+00      0.0000E+00
     183  0.488413E-01  0.416886E-02 -0.537955E-01 -0.132516E-01      0.0000E+00      0.0000E+00
     184  0.529369E-01 -0.181175E-01 -0.497568E-01 -0.377916E-02      0.0000E+00      0.0000E+00
     185  0.550360E-01 -0.193545E-01 -0.600742E-01  0.541497E-01      0.0000E+00      0.0000E+00
     186  0.569395E-01 -0.178653E-01 -0.551203E-01  0.780791E-01      0.0000E+00      0.0000E+00
     187  0.524035E-01 -0.211448E-01 -0.687136E-01  0.766069E-02      0.0000E+00      0.0000E+00
     188  0.528155E-01 -0.318697E-01 -0.521868E-01  0.421646E-01      0.0000E+00      0.0000E+00
     189  0.501763E-01 -0.333184E-01 -0.387803E-01  0.725410E-01      0.0000E+00      0.0000E+00
     190  0.451987E-01 -0.401537E-01 -0.479648E-01  0.421234E-01      0.0000E+00      0.0000E+00
     191  0.376773E-01 -0.535564E-01 -0.616103E-01  0.360167E-01      0.0000E+00      0.0000E+00
     192  0.392811E-01 -0.693474E-01 -0.293635E-01  0.421697E-01      0.0000E+00      0.0000E+00
     193  0.324903E-01 -0.679267E-01 -0.215334E-01  0.303721E-01      0.0000E+00      0.0000E+00
     194  0.163065E-01 -0.484526E-01 -0.256256E-01  0.413673E-01      0.0000E+00      0.0000E+00
     195  0.224908E-02 -0.265869E-01 -0.949692E-02  0.276089E-01      0.0000E+00      0.0000E+00
     196  0.290731E-02 -0.130351E-01 -0.649477E-03  0.190821E-01      0.0000E+00      0.0000E+00
     197  0.218602E-02 -0.129421E-01  0.670104E-03  0.812140E-02      0.0000E+00      0.0000E+00
     198 -0.454275E-02 -0.119455E-01  0.684015E-03  0.593375E-02      0.0000E+00      0.0000E+00
     199 -0.132334E-01 -0.115844E-01  0.117048E-02  0.431248E-02      0.0000E+00      0.0000E+00
     200 -0.117235E-01 -0.840304E-03  0.113925E-02  0.154747E-01      0.0000E+00      0.0000E+00
     201 -0.651675E-02  0.159254E-01 -0.109103E-02  0.492729E-02      0.0000E+00      0.0000E+00
     202 -0.465530E-02  0.423172E-01 -0.375466E-02  0.300873E-02      0.0000E+00      0.0000E+00
     203 -0.270412E-02  0.522483E-01 -0.100246E-01  0.669149E-02      0.0000E+00      0.0000E+00
     204  0.781184E-02  0.445932E-01 -0.142829E-01  0.113359E-01      0.0000E+00      0.0000E+00
     205  0.258240E-01  0.335996E-01 -0.154708E-01  0.138205E-01      0.0000E+00      0.0000E+00
     206  0.362313E-01  0.385160E-01 -0.146106E-01  0.180776E-01      0.0000E+00      0.0000E+00
     207  0.294182E-01  0.366533E-01 -0.761509E-02  0.564658E-01      0.0000E+00      0.0000E+00
     208  0.158591E-01  0.257520E-01  0.371202E-02  0.334372E-01      0.0000E+00      0.0000E+00
     209  0.295333E-02  0.711108E-03  0.967822E-02  0.254165E-01      0.0000E+00      0.0000E+00
     210 -0.929885E-02 -0.232390E-01  0.114066E-01  0.181770E-01      0.0000E+00      0.0000E+00
     211 -0.251445E-01 -0.319738E-01  0.911448E-02  0.325455E-02      0.0000E+00      0.0000E+00
     212 -0.352622E-01 -0.707064E-02  0.308736E-01  0.500785E-02      0.0000E+00      0.0000E+00
     213 -0.317583E-01  0.220493E-01  0.368638E-01 -0.240769E-02      0.0000E+00      0.0000E+00
     214 -0.161818E-01  0.293270E-01  0.137466E-01 -0.131310E-02      0.0000E+00      0.0000E+00
     215 -0.139627E-01  0.167572E-01  0.201628E-01  0.207850E-02      0.0000E+00      0.0000E+00
     216 -0.279636E-01  0.605707E-02  0.165832E-01  0.506678E-02      0.0000E+00      0.0000E+00
     217 -0.267046E-01 -0.116195E-01  0.124655E-01  0.536194E-02      0.0000E+00      0.0000E+00
     218 -0.527630E-02 -0.210174E-01  0.969805E-02  0.678812E-02      0.0000E+00      0.0000E+00
     219  0.135304E-01 -0.170671E-01  0.368203E-02  0.930944E-02      0.0000E+00      0.0000E+00
     220  0.121323E-01 -0.123051E-01  0.239520E-02  0.555145E-02      0.0000E+00      0.0000E+00
     221  0.118040E-01 -0.146868E-01  0.476171E-02  0.262102E-02      0.0000E+00      0.0000E+00
     222  0.244474E-01 -0.457537E-02  0.129804E-01  0.206040E-02      0.0000E+00      0.0000E+00
     223  0.354588E-01  0.125966E-01  0.197622E-01  0.143753E-03      0.0000E+00      0.0000E+00
     224  0.205333E-01  0.172562E-01  0.221184E-01  0.145235E-04      0.0000E+00      0.0000E+00
     225  0.852876E-03  0.128768E-01  0.228949E-01  0.118372E-02      0.0000E+00      0.0000E+00
     226  0.115957E-01  0.223126E-01  0.320382E-01  0.275024E-02      0.0000E+00      0.0000E+00
     227  0.721734E-03  0.331780E-02  0.353484E-01  0.366416E-02      0.0000E+00      0.0000E+00
     228 -0.279792E-01 -0.251823E-01  0.343764E-01  0.327922E-02      0.0000E+00      0.0000E+00
     229 -0.387838E-01 -0.219998E-01  0.245368E-01  0.248974E-03      0.0000E+00      0.0000E+00
     230 -0.227999E-01 -0.184854E-03  0.338409E-01 -0.676731E-02      0.0000E+00      0.0000E+00
     231 -0.121015E-01 -0.596486E-02  0.651860E-02 -0.247234E-02      0.0000E+00      0.0000E+00
     232 -0.134991E-01 -0.814722E-02  0.320328E-02 -0.145912E-02      0.0000E+00      0.0000E+00
     233 -0.140916E-01  0.105273E-01  0.629829E-02 -0.409462E-02      0.0000E+00      0.0000E+00
     234 -0.903408E-02  0.313427E-01  0.464107E-02 -0.502387E-02      0.0000E+00      0.0000E+00
     235  0.343614E-02  0.377834E-01  0.283839E-02 -0.108438E-01      0.0000E+00      0.0000E+00
     236  0.136464E-01  0.468052E-01 -0.335412E-03 -0.827423E-02      0.0000E+00      0.0000E+00
     237  0.155888E-02  0.227160E-01  0.422207E-02 -0.165012E-01      0.0000E+00      0.0000E+00
     238 -0.190718E-01 -0.112273E-01  0.988416E-02 -0.831068E-02      0.0000E+00      0.0000E+00
     239 -0.258506E-01 -0.110826E-01  0.356494E-02 -0.142921E-02      0.0000E+00      0.0000E+00
     240 -0.212483E-01  0.228831E-01  0.172799E-01 -0.990535E-02      0.0000E+00      0.0000E+00
     241 -0.312912E-01  0.349759E-01  0.156254E-01 -0.182695E-01      0.0000E+00      0.0000E+00
     242 -0.442046E-01  0.361965E-01  0.142083E-01 -0.252482E-01      0.0000E+00      0.0000E+00
     243 -0.482493E-01  0.344206E-01 -0.105884E-01 -0.242289E-01      0.0000E+00      0.0000E+00
     244 -0.388466E-01  0.337160E-01 -0.237817E-01 -0.217596E-01      0.0000E+00      0.0000E+00
     245 -0.172437E-01  0.268194E-01 -0.439672E-01 -0.328495E-02      0.0000E+00      0.0000E+00
     246 -0.134793E-02  0.384039E-01 -0.295305E-01  0.253487E-02      0.0000E+00      0.0000E+00
     247 -0.104848E-01  0.294184E-01 -0.237373E-01  0.255015E-02      0.0000E+00      0.0000E+00
     248 -0.335653E-01  0.188445E-02 -0.311772E-01  0.680162E-02      0.0000E+00      0.0000E+00
     249 -0.331200E-01 -0.170203E-01 -0.257799E-01  0.395275E-02      0.0000E+00      0.0000E+00
     250  0.316278E-02  0.833801E-03 -0.238772E-01  0.410992E-03      0.0000E+00      0.0000E+00
     251  0.338780E-01  0.190980E-01 -0.220241E-01 -0.820831E-03      0.0000E+00      0.0000E+00
     252  0.254326E-01  0.291220E-01 -0.275103E-01  0.468922E-03      0.0000E+00      0.0000E+00
     253 -0.261419E-02  0.287602E-01 -0.223810E-01 -0.654195E-02      0.0000E+00      0.0000E+00
     254 -0.963353E-02  0.256471E-01 -0.766023E-02 -0.331945E-01      0.0000E+00      0.0000E+00
     255  0.121416E-01  0.121156E-02 -0.133186E-01 -0.349514E-01      0.0000E+00      0.0000E+00
     256  0.228746E-01 -0.378124E-04 -0.111138E-01 -0.219035E-01      0.0000E+00      0.0000E+00
     257  0.615469E-02  0.153705E-01 -0.408126E-02 -0.700811E-02      0.0000E+00      0.0000E+00
     258 -0.175555E-01  0.212647E-01  0.207250E-01 -0.110892E-01      0.0000E+00      0.0000E+00
     259 -0.965781E-02  0.760272E-03  0.158658E-01 -0.227989E-01      0.0000E+00      0.0000E+00
     260  0.163691E-01  0.336979E-02  0.183406E-01 -0.360142E-01      0.0000E+00      0.0000E+00
     261  0.219210E-01  0.147253E-01  0.363927E-02 -0.420277E-01      0.0000E+00      0.0000E+00
     262 -0.774958E-02  0.240117E-01  0.783343E-01 -0.360575E-01      0.0000E+00      0.0000E+00
     263 -0.432393E-01  0.314113E-01  0.997334E-01 -0.433532E-01      0.0000E+00      0.0000E+00
     264 -0.513389E-01  0.346555E-01 -0.147943E-02 -0.646496E-01      0.0000E+00      0.0000E+00
     265 -0.567478E-02  0.200077E-01  0.284605E-01 -0.812313E-01      0.0000E+00      0.0000E+00
     266  0.919042E-02  0.762983E-02 -0.178954E-02 -0.825052E-01      0.0000E+00      0.0000E+00
     267 -0.182275E-01  0.144866E-01 -0.207381E-01 -0.722591E-01      0.0000E+00      0.0000E+00
     268 -0.273802E-01  0.292337E-01  0.321071E-01 -0.787077E-01      0.0000E+00      0.0000E+00
     269 -0.123350E-01  0.232353E-01  0.316461E-01 -0.320122E-01      0.0000E+00      0.0000E+00
     270  0.571803E-02  0.263854E-01  0.223672E-01 -0.105374E-01      0.0000E+00      0.0000E+00
     271 -0.102540E-03  0.384351E-01  0.131887E-01 -0.414480E-01      0.0000E+00      0.0000E+00
     272 -0.172813E-01  0.520570E-01  0.156592E-01 -0.406724E-01      0.0000E+00      0.0000E+00
     273 -0.298004E-01  0.470800E-01  0.389080E-01 -0.476784E-01      0.0000E+00      0.0000E+00
     274 -0.259625E-01  0.503622E-01  0.394206E-01 -0.272755E-01      0.0000E+00      0.0000E+00
     275 -0.132260E-01  0.403711E-01  0.179173E-01 -0.207924E-01      0.0000E+00      0.0000E+00
     276 -0.539768E-02  0.163536E-01  0.650364E-02 -0.301048E-01      0.0000E+00      0.0000E+00
     277 -0.168855E-01 -0.115489E-02 -0.514448E-02 -0.414815E-01      0.0000E+00      0.0000E+00
     278 -0.221073E-01  0.118554E-01  0.169896E-02 -0.344372E-01      0.0000E+00      0.0000E+00
     279 -0.843924E-02  0.227023E-01  0.109761E-01  0.108081E-01      0.0000E+00      0.0000E+00
     280  0.641829E-02  0.268979E-01  0.168218E-01 -0.115571E-01      0.0000E+00      0.0000E+00
     281  0.803115E-02  0.225029E-01 -0.223609E-02  0.834028E-02      0.0000E+00      0.0000E+00
     282  0.118030E-01  0.194532E-01 -0.157127E-01  0.115218E-01      0.0000E+00      0.0000E+00
     283  0.237845E-01  0.259791E-02 -0.274184E-01  0.172780E-02      0.0000E+00      0.0000E+00
     284  0.324473E-01 -0.538131E-02 -0.486338E-01 -0.853631E-03      0.0000E+00      0.0000E+00
     285  0.351761E-01 -0.479742E-02 -0.506082E-01  0.485584E-01      0.0000E+00      0.0000E+00
     286  0.240196E-01 -0.400809E-02 -0.925392E-02  0.617034E-01      0.0000E+00      0.0000E+00
     287  0.473233E-02 -0.225984E-01 -0.500207E-02  0.649141E-01      0.0000E+00      0.0000E+00
     288  0.264143E-02 -0.348189E-01 -0.509508E-02  0.439785E-01      0.0000E+00      0.0000E+00
     289  0.962295E-02 -0.344201E-01 -0.730730E-02  0.260565E-01      0.0000E+00      0.0000E+00
     290  0.129359E-02 -0.192487E-01 -0.570443E-02  0.172698E-01      0.0000E+00      0.0000E+00
     291 -0.102607E-01 -0.540868E-02 -0.346000E-02  0.289005E-02      0.0000E+00      0.0000E+00
     292 -0.983232E-02  0.120346E-01 -0.272272E-02  0.164779E-02      0.0000E+00      0.0000E+00
     293 -0.387949E-02  0.766416E-02 -0.379266E-02  0.121829E-02      0.0000E+00      0.0000E+00
     294 -0.105789E-01 -0.122670E-01 -0.900448E-02  0.244351E-02      0.0000E+00      0.0000E+00
     295 -0.233192E-01 -0.227615E-01 -0.283748E-02  0.616725E-03      0.0000E+00      0.0000E+00
     296 -0.133333E-01 -0.174983E-01 -0.191148E-01  0.374924E-03      0.0000E+00      0.0000E+00
     297  0.114721E-01 -0.149004E-01 -0.214566E-01 -0.200056E-02      0.0000E+00      0.0000E+00
     298  0.136799E-01 -0.134029E-01 -0.257545E-01 -0.331287E-02      0.0000E+00      0.0000E+00
     299  0.673662E-02 -0.176618E-01 -0.174390E-01 -0.310902E-02      0.0000E+00      0.0000E+00
     300  0.110402E-01 -0.251017E-01 -0.155131E-01 -0.346027E-02      0.0000E+00      0.0000E+00
     301  0.195730E-01 -0.313457E-01 -0.173857E-01 -0.517706E-02      0.0000E+00      0.0000E+00
     302  0.128054E-01 -0.149110E-01 -0.169353E-01 -0.809456E-02      0.0000E+00      0.0000E+00
     303  0.915028E-03  0.488900E-02 -0.803022E-02 -0.628660E-02      0.0000E+00      0.0000E+00
     304 -0.156240E-02  0.140546E-01 -0.239104E-02 -0.210500E-02      0.0000E+00      0.0000E+00
     305  0.315617E-02  0.111832E-01 -0.339139E-02 -0.200947E-02      0.0000E+00      0.0000E+00
     306  0.783944E-02  0.730704E-02 -0.589782E-02 -0.211540E-02      0.0000E+00      0.0000E+00
     307  0.159337E-01 -0.379241E-02 -0.778698E-02 -0.176049E-02      0.0000E+00      0.0000E+00
     308  0.179018E-01 -0.418219E-02 -0.117521E-01 -0.216280E-02      0.0000E+00      0.0000E+00
     309  0.131390E-01  0.555851E-02 -0.683996E-02 -0.181979E-02      0.0000E+00      0.0000E+00
     310  0.967523E-02  0.101860E-01 -0.961558E-02 -0.425527E-02      0.0000E+00      0.0000E+00
     311  0.142201E-01  0.359072E-02 -0.353303E-02 -0.173294E-02      0.0000E+00      0.0000E+00
     312  0.201317E-01  0.179152E-01 -0.335053E-02 -0.155409E-02      0.0000E+00      0.0000E+00
     313  0.210392E-01  0.455113E-01 -0.611920E-02 -0.439123E-02      0.0000E+00      0.0000E+00
     314  0.153278E-01  0.610559E-01 -0.113593E-01 -0.208118E-01      0.0000E+00      0.0000E+00
     315  0.683746E-02  0.556848E-01 -0.653175E-02 -0.365747E-01      0.0000E+00      0.0000E+00
     316  0.180440E-02  0.316792E-01  0.171942E-01 -0.357239E-01      0.0000E+00      0.0000E+00
     317  0.400005E-02  0.571488E-02  0.180894E-01 -0.158194E-01      0.0000E+00      0.0000E+00
     318  0.792534E-02 -0.111881E-02  0.982580E-02 -0.202721E-01      0.0000E+00      0.0000E+00
     319  0.791004E-02  0.629423E-02  0.287298E-01 -0.187477E-01      0.0000E+00      0.0000E+00
     320  0.801181E-02  0.115060E-01  0.299022E-01 -0.155637E-01      0.0000E+00      0.0000E+00
     321  0.781832E-02  0.368655E-02  0.317330E-01 -0.107894E-01      0.0000E+00      0.0000E+00
     322  0.112035E-01  0.552965E-02  0.183194E-01 -0.653118E-02      0.0000E+00      0.0000E+00
     323  0.137218E-01  0.146629E-01  0.275587E-02 -0.947035E-02      0.0000E+00      0.0000E+00
     324  0.163938E-01  0.254629E-01 -0.211553E-01 -0.240746E-03      0.0000E+00      0.0000E+00
     325  0.198523E-01  0.190358E-01 -0.343284E-02  0.280137E-01      0.0000E+00      0.0000E+00
     326  0.197265E-01  0.995521E-02  0.541718E-02  0.455497E-01      0.0000E+00      0.0000E+00
     327  0.179124E-01 -0.560342E-02 -0.960080E-03  0.444825E-01      0.0000E+00      0.0000E+00
     328  0.181190E-01 -0.113684E-01 -0.378618E-01  0.380234E-01      0.0000E+00      0.0000E+00
     329  0.223192E-01 -0.167477E-01 -0.516648E-01  0.462933E-01      0.0000E+00      0.0000E+00
     330  0.192058E-01 -0.932179E-02 -0.133012E-01  0.971202E-02      0.0000E+00      0.0000E+00
     331 -0.266965E-02 -0.709081E-02 -0.206282E-02  0.233501E-02      0.0000E+00      0.0000E+00
     332 -0.753248E-02 -0.310021E-02  0.374426E-02  0.372366E-02      0.0000E+00      0.0000E+00
     333  0.577108E-02 -0.178479E-03  0.376283E-02  0.759910E-02      0.0000E+00      0.0000E+00
     334  0.422217E-02  0.193836E-02 -0.976034E-02  0.939519E-02      0.0000E+00      0.0000E+00
     335 -0.769705E-02 -0.575727E-02 -0.141385E-01  0.358556E-02      0.0000E+00      0.0000E+00
     336 -0.676834E-02 -0.102201E-02 -0.362347E-01 -0.153730E-01      0.0000E+00      0.0000E+00
     337  0.612470E-02  0.142836E-02 -0.476808E-01 -0.168490E-01      0.0000E+00      0.0000E+00
     338  0.141296E-01 -0.689756E-02 -0.341234E-01 -0.724467E-02      0.0000E+00      0.0000E+00
     339  0.780585E-02 -0.177218E-01 -0.121153E-01  0.607202E-02      0.0000E+00      0.0000E+00
     340  0.404410E-03 -0.121173E-01 -0.241551E-01  0.338902E-01      0.0000E+00      0.0000E+00
     341  0.277868E-02 -0.952495E-02 -0.263549E-01  0.403622E-01      0.0000E+00      0.0000E+00
     342  0.127290E-01 -0.931769E-02 -0.365437E-01  0.350756E-01      0.0000E+00      0.0000E+00
     343  0.204403E-01 -0.115110E-01 -0.240814E-01  0.300263E-01      0.0000E+00      0.0000E+00
     344  0.190694E-01 -0.864772E-02 -0.297552E-01  0.987909E-02      0.0000E+00      0.0000E+00
     345  0.151313E-01 -0.604521E-02 -0.159733E-01  0.839576E-02      0.0000E+00      0.0000E+00
     346  0.145768E-01  0.401180E-02 -0.202969E-01  0.386501E-02      0.0000E+00      0.0000E+00
     347  0.154280E-01  0.147294E-01 -0.219860E-01  0.192854E-02      0.0000E+00      0.0000E+00
     348  0.123369E-01  0.133340E-01 -0.203222E-01  0.159130E-02      0.0000E+00      0.0000E+00
     349  0.558834E-02  0.566728E-03 -0.216007E-01  0.309689E-02      0.0000E+00      0.0000E+00
     350  0.375740E-02  0.384313E-03 -0.922123E-02  0.159603E-02      0.0000E+00      0.0000E+00
     351  0.795258E-02  0.982127E-02 -0.311309E-02  0.405937E-03      0.0000E+00      0.0000E+00
     352  0.104100E-01  0.143992E-01 -0.844443E-02  0.105886E-02      0.0000E+00      0.0000E+00
     353  0.574569E-02  0.872151E-02 -0.109292E-01  0.261467E-02      0.0000E+00      0.0000E+00
     354 -0.294875E-02  0.347979E-02 -0.624137E-02  0.231312E-02      0.0000E+00      0.0000E+00
     355 -0.105173E-01 -0.784279E-03 -0.435255E-02  0.166717E-02      0.0000E+00      0.0000E+00
     356 -0.171039E-01  0.512228E-02 -0.201249E-02  0.589941E-03      0.0000E+00      0.0000E+00
     357 -0.228615E-01  0.225476E-01 -0.356630E-02  0.592559E-03      0.0000E+00      0.0000E+00
     358 -0.228898E-01  0.314767E-01 -0.200668E-01  0.254656E-02      0.0000E+00      0.0000E+00
     359 -0.185446E-01  0.225674E-01 -0.215211E-01  0.337881E-02      0.0000E+00      0.0000E+00
     360 -0.116666E-01  0.122429E-01 -0.336744E-01  0.536139E-02      0.0000E+00      0.0000E+00
     361 -0.366889E-02  0.424791E-02 -0.333240E-01  0.405064E-02      0.0000E+00      0.0000E+00
     362  0.385373E-02 -0.416364E-02 -0.284016E-01  0.210284E-02      0.0000E+00      0.0000E+00
     363  0.119227E-01  0.133699E-02 -0.123635E-01  0.485493E-03      0.0000E+00      0.0000E+00
     364  0.198847E-01  0.142696E-01 -0.181022E-01  0.600982E-05      0.0000E+00      0.0000E+00
     365  0.234847E-01  0.115297E-01 -0.171635E-01  0.512310E-03      0.0000E+00      0.0000E+00
     366  0.165361E-01 -0.793317E-03 -0.188855E-01  0.272536E-02      0.0000E+00      0.0000E+00
     367  0.253785E-02  0.419727E-03 -0.641103E-02  0.147964E-02      0.0000E+00      0.0000E+00
     368 -0.756223E-02  0.304011E-02 -0.784943E-02  0.196536E-02      0.0000E+00      0.0000E+00
     369 -0.914191E-02 -0.102940E-02 -0.461574E-02  0.953694E-03      0.0000E+00      0.0000E+00
     370 -0.566455E-04 -0.908390E-02 -0.346061E-02  0.473883E-03      0.0000E+00      0.0000E+00
     371  0.132920E-01 -0.144443E-01 -0.102027E-01  0.646361E-03      0.0000E+00      0.0000E+00
     372  0.212393E-01 -0.169555E-01 -0.186761E-01 -0.577929E-03      0.0000E+00      0.0000E+00
     373  0.191472E-01 -0.117583E-01 -0.199220E-01 -0.315131E-02      0.0000E+00      0.0000E+00
     374  0.145805E-01 -0.185368E-02 -0.112511E-01 -0.342002E-02      0.0000E+00      0.0000E+00
     375  0.121438E-01  0.852989E-02 -0.490565E-02 -0.207439E-02      0.0000E+00      0.0000E+00
     376  0.143804E-01  0.145951E-01 -0.107451E-01 -0.599387E-02      0.0000E+00      0.0000E+00
     377  0.165088E-01  0.164679E-01 -0.467683E-02 -0.290710E-02      0.0000E+00      0.0000E+00
     378  0.153486E-01  0.763774E-02 -0.568996E-02 -0.375029E-02      0.0000E+00      0.0000E+00
     379  0.764075E-02 -0.608529E-02 -0.499536E-02 -0.464783E-02      0.0000E+00      0.0000E+00
     380  0.135659E-02 -0.108425E-01 -0.547614E-02 -0.108340E-01      0.0000E+00      0.0000E+00
     381 -0.914601E-03  0.264930E-02 -0.140724E-02 -0.392017E-02      0.0000E+00      0.0000E+00
     382 -0.280586E-02  0.192764E-01 -0.117242E-02 -0.264053E-02      0.0000E+00      0.0000E+00
     383 -0.766331E-02  0.280968E-01 -0.188145E-02 -0.298258E-02      0.0000E+00      0.0000E+00
     384 -0.985822E-02  0.234130E-01 -0.480073E-02 -0.380600E-02      0.0000E+00      0.0000E+00
     385 -0.994951E-02  0.125483E-01 -0.183533E-01 -0.386397E-02      0.0000E+00      0.0000E+00
     386 -0.664057E-02  0.416383E-02 -0.921229E-02  0.301736E-02      0.0000E+00      0.0000E+00
     387 -0.308105E-02  0.614940E-02 -0.158609E-01  0.176379E-01      0.0000E+00      0.0000E+00
     388 -0.492208E-02  0.653503E-02 -0.905524E-02  0.247061E-01      0.0000E+00      0.0000E+00
     389 -0.129245E-01 -0.112735E-02 -0.228755E-01  0.335865E-01      0.0000E+00      0.0000E+00
     390 -0.189698E-01 -0.102345E-01 -0.235903E-01  0.263655E-01      0.0000E+00      0.0000E+00
     391 -0.176678E-01 -0.103543E-01 -0.151211E-01  0.144555E-01      0.0000E+00      0.0000E+00
     392 -0.126999E-01 -0.304235E-02  0.220446E-02  0.231932E-02      0.0000E+00      0.0000E+00
     393 -0.111585E-01  0.913458E-02  0.555987E-01 -0.181351E-01      0.0000E+00      0.0000E+00
     394 -0.131595E-01  0.201961E-01  0.755854E-01 -0.764625E-02      0.0000E+00      0.0000E+00
     395 -0.256965E-01  0.250445E-01  0.227577E-01 -0.234949E-02      0.0000E+00      0.0000E+00
     396 -0.240416E-01  0.898098E-02 -0.342875E-01  0.234400E-01      0.0000E+00      0.0000E+00
     397  0.572339E-03  0.412346E-03  0.134389E-01 -0.166644E-01      0.0000E+00      0.0000E+00
     398 -0.574337E-02 -0.694640E-03  0.219417E-01 -0.117303E-01      0.0000E+00      0.0000E+00
     399 -0.320976E-01  0.581360E-02 -0.132436E-02  0.154000E-01      0.0000E+00      0.0000E+00
     400 -0.189310E-01  0.480680E-03  0.414618E-02 -0.424528E-01      0.0000E+00      0.0000E+00
     401  0.144764E-01 -0.653771E-02 -0.117324E-01 -0.173928E-01      0.0000E+00      0.0000E+00
     402  0.331273E-01 -0.361951E-02 -0.317212E-01  0.102538E-01      0.0000E+00      0.0000E+00
     403  0.247135E-01  0.102500E-01 -0.167060E-01 -0.163548E-01      0.0000E+00      0.0000E+00
     404  0.987666E-03  0.245217E-01 -0.177907E-01 -0.430974E-01      0.0000E+00      0.0000E+00
     405 -0.153770E-02  0.296198E-01 -0.244752E-01 -0.325379E-01      0.0000E+00      0.0000E+00
     406  0.111340E-01  0.193947E-01 -0.117640E-01  0.590659E-02      0.0000E+00      0.0000E+00
     407  0.157297E-01  0.895938E-02  0.636046E-02  0.201463E-01      0.0000E+00      0.0000E+00
     408 -0.455267E-02 -0.273136E-03  0.205937E-01  0.468510E-02      0.0000E+00      0.0000E+00
     409 -0.313117E-01 -0.397512E-02  0.277429E-01 -0.662771E-02      0.0000E+00      0.0000E+00
     410 -0.295921E-01 -0.206727E-02  0.342437E-01  0.221576E-01      0.0000E+00      0.0000E+00
     411 -0.113233E-01  0.584940E-02  0.312753E-01 -0.157135E-01      0.0000E+00      0.0000E+00
     412 -0.951318E-02  0.141921E-01 -0.968889E-02 -0.135028E-01      0.0000E+00      0.0000E+00
     413 -0.196120E-01  0.124472E-01  0.587825E-02  0.940119E-02      0.0000E+00      0.0000E+00
     414 -0.228260E-01  0.590310E-02  0.297249E-01  0.807546E-02      0.0000E+00      0.0000E+00
     415 -0.101683E-01  0.837313E-02  0.101852E-01 -0.615550E-02      0.0000E+00      0.0000E+00
     416  0.804952E-02  0.623056E-02 -0.658546E-02  0.193382E-01      0.0000E+00      0.0000E+00
     417  0.127291E-01 -0.573459E-02 -0.175300E-01  0.382292E-01      0.0000E+00      0.0000E+00
     418  0.124231E-01 -0.241289E-01 -0.304864E-01  0.691231E-01      0.0000E+00      0.0000E+00
     419  0.260188E-01 -0.318672E-01 -0.421778E-01  0.687484E-01      0.0000E+00      0.0000E+00
     420  0.391868E-01 -0.300324E-01 -0.332045E-01  0.425057E-01      0.0000E+00      0.0000E+00
     421  0.303975E-01 -0.200977E-01 -0.176014E-01  0.253396E-01      0.0000E+00      0.0000E+00
     422  0.163975E-01 -0.122637E-01 -0.913861E-02  0.188204E-01      0.0000E+00      0.0000E+00
     423  0.155998E-01 -0.115108E-01  0.508257E-02  0.127676E-01      0.0000E+00      0.0000E+00
     424  0.848295E-02 -0.278197E-01  0.662212E-02  0.136299E-01      0.0000E+00      0.0000E+00
     425 -0.137099E-01 -0.335381E-01 -0.168019E-02  0.292898E-01      0.0000E+00      0.0000E+00
     426 -0.165155E-01 -0.325324E-01  0.509130E-02  0.175841E-01      0.0000E+00      0.0000E+00
     427 -0.150161E-01 -0.314336E-01  0.100658E-01  0.213364E-01      0.0000E+00      0.0000E+00
     428 -0.316178E-01 -0.338609E-01  0.695162E-02  0.211396E-01      0.0000E+00      0.0000E+00
     429 -0.348300E-01 -0.195054E-01  0.510372E-03  0.295854E-01      0.0000E+00      0.0000E+00
     430 -0.189683E-01 -0.109368E-01 -0.181400E-01  0.273928E-01      0.0000E+00      0.0000E+00
     431 -0.908388E-02 -0.139367E-01 -0.770061E-02  0.278659E-01      0.0000E+00      0.0000E+00
     432 -0.151500E-01 -0.253413E-01 -0.226775E-02  0.417548E-01      0.0000E+00      0.0000E+00
     433 -0.400913E-03 -0.318473E-01 -0.114794E-01  0.531223E-01      0.0000E+00      0.0000E+00
     434  0.135638E-01 -0.377808E-01 -0.414709E-01  0.539947E-01      0.0000E+00      0.0000E+00
     435  0.107700E-01 -0.324788E-01 -0.462797E-01  0.441120E-01      0.0000E+00      0.0000E+00
     436  0.210181E-01 -0.258082E-01 -0.413649E-01  0.432754E-01      0.0000E+00      0.0000E+00
     437  0.292858E-01 -0.199796E-01 -0.339685E-01  0.492715E-01      0.0000E+00      0.0000E+00
     438  0.209035E-01 -0.290990E-01 -0.150019E-01  0.516729E-01      0.0000E+00      0.0000E+00
     439  0.973126E-02 -0.344082E-01 -0.173561E-01  0.491380E-01      0.0000E+00      0.0000E+00
     440  0.758112E-02 -0.413142E-01 -0.341647E-01  0.389764E-01      0.0000E+00      0.0000E+00
     441  0.508067E-02 -0.406365E-01 -0.312382E-01  0.380540E-01      0.0000E+00      0.0000E+00
     442 -0.871611E-02 -0.384892E-01 -0.318852E-01  0.398247E-01      0.0000E+00      0.0000E+00
     443 -0.262278E-01 -0.275093E-01 -0.344270E-01  0.323403E-01      0.0000E+00      0.0000E+00
     444 -0.341329E-01 -0.167530E-01 -0.324923E-01  0.220073E-01      0.0000E+00      0.0000E+00
     445 -0.281986E-01 -0.830303E-02 -0.177238E-01  0.267597E-01      0.0000E+00      0.0000E+00
     446 -0.248955E-01 -0.119893E-01 -0.387128E-02  0.386685E-01      0.0000E+00      0.0000E+00
     447 -0.273909E-01 -0.185681E-01 -0.168879E-01  0.466993E-01      0.0000E+00      0.0000E+00
     448 -0.325394E-01 -0.288304E-01 -0.369917E-01  0.424328E-01      0.0000E+00      0.0000E+00
     449 -0.334520E-01 -0.324420E-01 -0.291557E-01  0.241242E-01      0.0000E+00      0.0000E+00
     450 -0.289212E-01 -0.316795E-01 -0.209058E-01  0.130356E-01      0.0000E+00      0.0000E+00
     451 -0.187527E-01 -0.229672E-01 -0.107729E-01  0.173427E-01      0.0000E+00      0.0000E+00
     452 -0.993365E-02 -0.210862E-01 -0.249214E-01  0.232107E-01      0.0000E+00      0.0000E+00
     453 -0.909722E-02 -0.169909E-01 -0.331412E-01  0.172623E-01      0.0000E+00      0.0000E+00
     454 -0.161950E-01 -0.567805E-02 -0.273410E-01  0.994946E-02      0.0000E+00      0.0000E+00
     455 -0.244523E-01  0.954881E-02  0.355667E-02  0.954654E-02      0.0000E+00      0.0000E+00
     456 -0.254581E-01  0.285814E-02  0.447486E-01  0.244945E-01      0.0000E+00      0.0000E+00
     457 -0.213905E-01 -0.178240E-01  0.238251E-01  0.504294E-01      0.0000E+00      0.0000E+00
     458 -0.137896E-01 -0.361522E-01  0.304617E-01  0.690840E-01      0.0000E+00      0.0000E+00
     459 -0.128989E-01 -0.372594E-01  0.123332E-01  0.834017E-01      0.0000E+00      0.0000E+00
     460 -0.166829E-01 -0.310970E-01  0.134130E-01  0.730140E-01      0.0000E+00      0.0000E+00
     461 -0.206384E-01 -0.261279E-01  0.904605E-02  0.656095E-01      0.0000E+00      0.0000E+00
     462 -0.167550E-01 -0.305757E-01  0.544374E-02  0.402493E-01      0.0000E+00      0.0000E+00
     463 -0.658876E-02 -0.339115E-01 -0.193918E-02  0.179501E-02      0.0000E+00      0.0000E+00
     464  0.137686E-02 -0.303640E-01 -0.764668E-02  0.209490E-01      0.0000E+00      0.0000E+00
     465 -0.220536E-02 -0.221454E-01 -0.196165E-01  0.254378E-01      0.0000E+00      0.0000E+00
     466 -0.807032E-02 -0.259278E-01 -0.164140E-01  0.252922E-01      0.0000E+00      0.0000E+00
     467 -0.727447E-02 -0.401055E-01 -0.158172E-01  0.353732E-01      0.0000E+00      0.0000E+00
     468  0.482896E-03 -0.540390E-01 -0.317765E-01  0.365078E-01      0.0000E+00      0.0000E+00
     469  0.110039E-01 -0.478968E-01 -0.425126E-01  0.236762E-01      0.0000E+00      0.0000E+00
     470  0.191578E-01 -0.326661E-01 -0.392583E-01  0.137830E-01      0.0000E+00      0.0000E+00
     471  0.203763E-01 -0.213481E-01 -0.320612E-01  0.105976E-01      0.0000E+00      0.0000E+00
     472  0.143523E-01 -0.207159E-01 -0.975250E-02  0.109055E-01      0.0000E+00      0.0000E+00
     473  0.409673E-02 -0.131590E-01  0.102811E-01  0.127292E-01      0.0000E+00      0.0000E+00
     474 -0.509071E-02  0.396676E-03  0.229305E-01  0.871231E-02      0.0000E+00      0.0000E+00
     475 -0.150325E-01  0.738610E-02  0.847612E-02 -0.734920E-02      0.0000E+00      0.0000E+00
     476 -0.169633E-01  0.273577E-02  0.520471E-02 -0.935000E-02      0.0000E+00      0.0000E+00
     477 -0.109369E-01  0.837758E-03  0.183539E-01 -0.135880E-01      0.0000E+00      0.0000E+00
     478 -0.736302E-02 -0.390952E-02  0.105824E-01 -0.259081E-01      0.0000E+00      0.0000E+00
     479 -0.434993E-02  0.394306E-02  0.396248E-02 -0.463989E-01      0.0000E+00      0.0000E+00
     480  0.193666E-02  0.249751E-01 -0.780216E-03 -0.253820E-01      0.0000E+00      0.0000E+00
     481  0.908162E-02  0.502397E-01 -0.235515E-02 -0.316511E-01      0.0000E+00      0.0000E+00
     482  0.113888E-01  0.558967E-01 -0.125080E-02 -0.261495E-01      0.0000E+00      0.0000E+00
     483  0.439464E-02  0.510438E-01  0.255488E-02 -0.271696E-01      0.0000E+00      0.0000E+00
     484 -0.421534E-02  0.434091E-01  0.364282E-02 -0.309445E-01      0.0000E+00      0.0000E+00
     485 -0.106398E-01  0.411761E-01  0.915581E-02 -0.369998E-01      0.0000E+00      0.0000E+00
     486 -0.775443E-02  0.303634E-01  0.135546E-03 -0.440851E-01      0.0000E+00      0.0000E+00
     487  0.167665E-02  0.186745E-01 -0.383051E-02 -0.401330E-01      0.0000E+00      0.0000E+00
     488  0.667276E-02  0.922601E-02  0.293181E-02 -0.510033E-01      0.0000E+00      0.0000E+00
     489  0.277140E-02  0.193018E-01  0.213078E-01 -0.588453E-01      0.0000E+00      0.0000E+00
     490 -0.611270E-02  0.299576E-01  0.856740E-02 -0.473460E-01      0.0000E+00      0.0000E+00
     491 -0.514815E-02  0.210769E-01 -0.420423E-01 -0.258064E-01      0.0000E+00      0.0000E+00
     492  0.116927E-01 -0.593622E-02  0.101646E-01 -0.157998E-01      0.0000E+00      0.0000E+00
     493  0.959529E-02 -0.134730E-01 -0.254494E-02  0.430642E-02      0.0000E+00      0.0000E+00
     494 -0.430043E-02 -0.236462E-01 -0.268972E-01  0.289515E-01      0.0000E+00      0.0000E+00
     495 -0.280438E-02 -0.354884E-01  0.177188E-01  0.191668E-01      0.0000E+00      0.0000E+00
     496 -0.353754E-03 -0.391985E-01  0.234400E-01  0.233744E-01      0.0000E+00      0.0000E+00
     497 -0.497483E-02 -0.305629E-01  0.570683E-02  0.912825E-01      0.0000E+00      0.0000E+00
     498 -0.913297E-02 -0.354384E-01  0.406988E-01  0.750797E-01      0.0000E+00      0.0000E+00
     499 -0.173197E-01 -0.314159E-01  0.786030E-01  0.576833E-01      0.0000E+00      0.0000E+00
     500 -0.269178E-01 -0.214527E-01  0.668570E-01  0.549325E-02      0.0000E+00      0.0000E+00
     501 -0.335675E-01 -0.194257E-01  0.313502E-01  0.113966E-01      0.0000E+00      0.0000E+00
     502 -0.356656E-01 -0.320308E-01 -0.102357E-01  0.574097E-01      0.0000E+00      0.0000E+00
     503 -0.231696E-01 -0.339034E-01  0.245230E-01  0.792906E-01      0.0000E+00      0.0000E+00
     504 -0.131816E-01 -0.371273E-01  0.449373E-01  0.616105E-01      0.0000E+00      0.0000E+00
     505 -0.195718E-01 -0.359176E-01  0.269581E-02  0.342288E-02      0.0000E+00      0.0000E+00
     506 -0.140578E-01 -0.248391E-01  0.133522E-01 -0.745982E-02      0.0000E+00      0.0000E+00
     507 -0.733670E-02  0.103159E-02  0.149166E-01 -0.339094E-01      0.0000E+00      0.0000E+00
     508 -0.460654E-02  0.167897E-01  0.257180E-02 -0.588232E-01      0.0000E+00      0.0000E+00
     509  0.596529E-03  0.169925E-01  0.256738E-02 -0.480910E-01      0.0000E+00      0.0000E+00
     510  0.508866E-02  0.243527E-01 -0.139100E-03 -0.627211E-01      0.0000E+00      0.0000E+00
     511  0.369720E-02  0.412769E-01 -0.725573E-02 -0.577442E-01      0.0000E+00      0.0000E+00
     512  0.397123E-03  0.360166E-01 -0.566211E-02 -0.616624E-01      0.0000E+00      0.0000E+00
     513 -0.706666E-03  0.262440E-01 -0.875132E-02 -0.481072E-01      0.0000E+00      0.0000E+00
     514  0.800569E-02  0.220376E-01 -0.586403E-02 -0.198837E-01      0.0000E+00      0.0000E+00
     515  0.199009E-01  0.304528E-01 -0.941497E-02 -0.270095E-01      0.0000E+00      0.0000E+00
     516  0.239010E-01  0.408206E-01 -0.771099E-02 -0.203596E-01      0.0000E+00      0.0000E+00
     517  0.736815E-02  0.568473E-01 -0.396714E-02 -0.302150E-01      0.0000E+00      0.0000E+00
     518 -0.107315E-01  0.526327E-01  0.183217E-01 -0.403628E-01      0.0000E+00      0.0000E+00
     519 -0.167974E-01  0.396826E-01  0.281532E-01 -0.346357E-01      0.0000E+00      0.0000E+00
     520 -0.142224E-01  0.330656E-01  0.207235E-01 -0.150341E-01      0.0000E+00      0.0000E+00
     521 -0.788870E-02  0.275249E-01 -0.151791E-01 -0.504450E-02      0.0000E+00      0.0000E+00
     522  0.785722E-02  0.453823E-02 -0.980663E-02 -0.222610E-01      0.0000E+00      0.0000E+00
     523  0.151585E-01 -0.115095E-02 -0.665550E-02 -0.255562E-01      0.0000E+00      0.0000E+00
     524  0.126704E-01  0.174465E-02 -0.174550E-01 -0.411149E-01      0.0000E+00      0.0000E+00
     525  0.169398E-01 -0.475242E-02 -0.139994E-01 -0.476615E-01      0.0000E+00      0.0000E+00
     526  0.232423E-01 -0.128366E-01 -0.173119E-01 -0.373660E-01      0.0000E+00      0.0000E+00
     527  0.189647E-01 -0.169630E-02 -0.315496E-01 -0.193346E-01      0.0000E+00      0.0000E+00
     528  0.110240E-01 -0.323224E-02 -0.238695E-01 -0.181091E-02      0.0000E+00      0.0000E+00
     529  0.170168E-02 -0.106279E-01 -0.750468E-02  0.194619E-01      0.0000E+00      0.0000E+00
     530 -0.472953E-02 -0.122436E-01  0.528000E-02  0.385982E-01      0.0000E+00      0.0000E+00
     531  0.206443E-02 -0.113285E-01  0.565007E-02  0.668071E-01      0.0000E+00      0.0000E+00
     532  0.101607E-01 -0.269957E-01  0.357034E-02  0.737031E-01      0.0000E+00      0.0000E+00
     533 -0.235898E-02 -0.346191E-01 -0.107584E-02  0.825756E-01      0.0000E+00      0.0000E+00
     534 -0.173223E-01 -0.400722E-01  0.370518E-03  0.694121E-01      0.0000E+00      0.0000E+00
     535 -0.163000E-01 -0.480244E-01  0.900797E-03  0.625902E-01      0.0000E+00      0.0000E+00
     536 -0.998738E-02 -0.501302E-01 -0.323663E-02  0.581604E-01      0.0000E+00      0.0000E+00
     537 -0.158770E-01 -0.361163E-01 -0.123100E-01  0.609172E-01      0.0000E+00      0.0000E+00
     538 -0.277893E-01 -0.359103E-01 -0.194488E-01  0.592702E-01      0.0000E+00      0.0000E+00
     539 -0.344471E-01 -0.458181E-01 -0.194948E-01  0.528329E-01      0.0000E+00      0.0000E+00
     540 -0.326782E-01 -0.503953E-01  0.188197E-01  0.326650E-01      0.0000E+00      0.0000E+00
     541 -0.298251E-01 -0.376892E-01  0.602193E-01  0.446392E-01      0.0000E+00      0.0000E+00
     542 -0.423106E-01 -0.339640E-01  0.298604E-01  0.208745E-01      0.0000E+00      0.0000E+00
     543 -0.476056E-01 -0.358043E-01  0.469942E-01  0.397187E-01      0.0000E+00      0.0000E+00
     544 -0.450334E-01 -0.300057E-01  0.673119E-01  0.121893E+00      0.0000E+00      0.0000E+00
     545 -0.452850E-01 -0.129578E-01  0.107614E-01  0.116385E+00      0.0000E+00      0.0000E+00
     546 -0.291227E-01 -0.740519E-02  0.315419E-01  0.152348E-01      0.0000E+00      0.0000E+00
     547 -0.964290E-02 -0.998538E-02  0.263260E-01 -0.981452E-01      0.0000E+00      0.0000E+00
     548 -0.426280E-02 -0.133152E-01  0.111686E-02 -0.890089E-01      0.0000E+00      0.0000E+00
     549  0.200132E-02 -0.575930E-02 -0.173240E-03 -0.639573E-01      0.0000E+00      0.0000E+00
     550  0.898664E-02  0.802408E-02 -0.105256E-01 -0.553185E-01      0.0000E+00      0.0000E+00
     551  0.139704E-01  0.329009E-01 -0.161579E-01 -0.443831E-01      0.0000E+00      0.0000E+00
     552  0.141478E-01  0.411664E-01 -0.223233E-01 -0.192868E-01      0.0000E+00      0.0000E+00
     553  0.168315E-01  0.270545E-01 -0.206895E-01 -0.705541E-01      0.0000E+00      0.0000E+00
     554  0.190162E-01  0.217093E-01 -0.814374E-02 -0.919131E-01      0.0000E+00      0.0000E+00
     555  0.170395E-01  0.385041E-01 -0.198292E-01 -0.399768E-01      0.0000E+00      0.0000E+00
     556  0.216531E-01  0.552287E-01 -0.224125E-01 -0.182871E-01      0.0000E+00      0.0000E+00
     557  0.308310E-01  0.747487E-01 -0.169028E-01 -0.235390E-01      0.0000E+00      0.0000E+00
     558  0.344225E-01  0.808363E-01 -0.153912E-01 -0.144428E-01      0.0000E+00      0.0000E+00
     559  0.371712E-01  0.625355E-01 -0.277225E-01 -0.158670E-01      0.0000E+00      0.0000E+00
     560  0.342340E-01  0.435438E-01 -0.393037E-01 -0.643067E-02      0.0000E+00      0.0000E+00
     561  0.272818E-01  0.561831E-01 -0.334897E-01 -0.408315E-01      0.0000E+00      0.0000E+00
     562  0.174362E-01  0.655049E-01 -0.214148E-01 -0.686397E-01      0.0000E+00      0.0000E+00
     563  0.814995E-02  0.626169E-01 -0.224995E-01 -0.808765E-01      0.0000E+00      0.0000E+00
     564  0.454158E-02  0.580878E-01 -0.202634E-01 -0.800586E-01      0.0000E+00      0.0000E+00
     565  0.449337E-02  0.522444E-01 -0.914082E-02 -0.819854E-01      0.0000E+00      0.0000E+00
     566  0.642268E-03  0.425600E-01 -0.161537E-01 -0.852753E-01      0.0000E+00      0.0000E+00
     567 -0.477333E-02  0.485333E-01 -0.196893E-01 -0.820114E-01      0.0000E+00      0.0000E+00
     568 -0.490147E-02  0.451884E-01  0.526329E-02 -0.615104E-01      0.0000E+00      0.0000E+00
     569 -0.235086E-02  0.230480E-01  0.435166E-01 -0.447156E-01      0.0000E+00      0.0000E+00
     570 -0.126918E-01  0.536401E-02  0.162139E-01 -0.282280E-01      0.0000E+00      0.0000E+00
     571 -0.234631E-01  0.294634E-02 -0.914672E-02  0.167875E-01      0.0000E+00      0.0000E+00
     572 -0.172374E-01 -0.550624E-02  0.284015E-01  0.648321E-01      0.0000E+00      0.0000E+00
     573 -0.128536E-01 -0.279506E-02 -0.586702E-02  0.885733E-01      0.0000E+00      0.0000E+00
     574 -0.234532E-02  0.131131E-01 -0.368963E-01  0.595624E-01      0.0000E+00      0.0000E+00
     575  0.111288E-01  0.157154E-01 -0.436470E-01  0.270096E-01      0.0000E+00      0.0000E+00
     576  0.235030E-01  0.666366E-03 -0.144654E-01  0.399253E-01      0.0000E+00      0.0000E+00
     577  0.315118E-01 -0.138962E-01 -0.105038E-01  0.415703E-01      0.0000E+00      0.0000E+00
     578  0.286052E-01 -0.390980E-01 -0.245399E-01  0.488355E-01      0.0000E+00      0.0000E+00
     579  0.219785E-01 -0.644154E-01 -0.372956E-01  0.754958E-01      0.0000E+00      0.0000E+00
     580  0.226461E-01 -0.640135E-01 -0.214700E-01  0.421607E-01      0.0000E+00      0.0000E+00
     581  0.230595E-01 -0.391949E-01 -0.133495E-01  0.376465E-01      0.0000E+00      0.0000E+00
     582  0.107296E-01 -0.298276E-01 -0.140327E-01  0.285099E-01      0.0000E+00      0.0000E+00
     583  0.118540E-02 -0.453624E-01 -0.841474E-02  0.816045E-02      0.0000E+00      0.0000E+00
     584  0.975496E-02 -0.474903E-01 -0.652470E-02  0.837517E-02      0.0000E+00      0.0000E+00
     585  0.289274E-01 -0.317348E-01 -0.225475E-01  0.115985E-01      0.0000E+00      0.0000E+00
     586  0.368493E-01 -0.274713E-01 -0.305351E-01  0.186386E-02      0.0000E+00      0.0000E+00
     587  0.260312E-01 -0.380321E-01 -0.252053E-01  0.154455E-01      0.0000E+00      0.0000E+00
     588  0.146656E-01 -0.361053E-01 -0.243390E-01  0.159557E-01      0.0000E+00      0.0000E+00
     589  0.161491E-01 -0.356045E-01 -0.234161E-01  0.113154E-01      0.0000E+00      0.0000E+00
     590  0.120214E-01 -0.465660E-01 -0.199630E-01  0.664675E-02      0.0000E+00      0.0000E+00
     591  0.222539E-02 -0.481222E-01 -0.136026E-01  0.690503E-02      0.0000E+00      0.0000E+00
     592 -0.268000E-02 -0.257899E-01 -0.162592E-01  0.461039E-02      0.0000E+00      0.0000E+00
     593  0.808664E-02 -0.226401E-01 -0.215196E-01  0.533222E-03      0.0000E+00      0.0000E+00
     594  0.260785E-01 -0.380143E-01 -0.199246E-01  0.473493E-03      0.0000E+00      0.0000E+00
     595  0.371236E-01 -0.297040E-01 -0.257597E-01 -0.312472E-02      0.0000E+00      0.0000E+00
     596  0.290918E-01  0.605837E-02 -0.231974E-01 -0.126006E-02      0.0000E+00      0.0000E+00
     597  0.146359E-01  0.214836E-01 -0.109521E-01 -0.919389E-02      0.0000E+00      0.0000E+00
     598  0.157130E-01  0.205908E-01 -0.826641E-02  0.233728E-03      0.0000E+00      0.0000E+00
     599  0.201431E-01  0.171465E-01 -0.446156E-02 -0.686444E-02      0.0000E+00      0.0000E+00
     600  0.739148E-02  0.180296E-02  0.147865E-01 -0.138412E-01      0.0000E+00      0.0000E+00
     601 -0.144169E-01 -0.169168E-01  0.240228E-01 -0.256339E-01      0.0000E+00      0.0000E+00
     602 -0.301592E-01 -0.475979E-02  0.314771E-01 -0.243040E-01      0.0000E+00      0.0000E+00
     603 -0.344823E-01  0.170414E-01  0.136714E-01 -0.423023E-01      0.0000E+00      0.0000E+00
     604 -0.240858E-01  0.340848E-01  0.170007E-01 -0.418671E-01      0.0000E+00      0.0000E+00
     605 -0.758462E-02  0.503231E-01  0.227510E-01 -0.352076E-01      0.0000E+00      0.0000E+00
     606 -0.206418E-02  0.641372E-01  0.194781E-02 -0.181737E-01      0.0000E+00      0.0000E+00
     607 -0.374477E-02  0.506022E-01  0.271009E-02 -0.209446E-01      0.0000E+00      0.0000E+00
     608 -0.160595E-02  0.422214E-01  0.701054E-03 -0.166697E-01      0.0000E+00      0.0000E+00
     609 -0.534959E-03  0.410855E-01 -0.144142E-01 -0.168244E-01      0.0000E+00      0.0000E+00
     610  0.515260E-02  0.243597E-01 -0.114360E-01 -0.984068E-02      0.0000E+00      0.0000E+00
     611  0.743767E-02  0.107605E-01  0.726976E-02 -0.380452E-01      0.0000E+00      0.0000E+00
     612  0.266458E-02  0.236136E-01 -0.186955E-01 -0.498671E-01      0.0000E+00      0.0000E+00
     613  0.565489E-02  0.270221E-01  0.185795E-02 -0.388961E-01      0.0000E+00      0.0000E+00
     614  0.105973E-01  0.140624E-01 -0.116403E-02 -0.548369E-01      0.0000E+00      0.0000E+00
     615  0.134686E-01  0.148657E-01 -0.136417E-01 -0.109671E-01      0.0000E+00      0.0000E+00
     616  0.138620E-01  0.140254E-01 -0.134826E-01  0.577294E-01      0.0000E+00      0.0000E+00
     617  0.934633E-02 -0.110160E-01 -0.214148E-01  0.238654E-01      0.0000E+00      0.0000E+00
     618  0.874438E-02 -0.296506E-01  0.211312E-02 -0.460849E-02      0.0000E+00      0.0000E+00
     619  0.100096E-02 -0.368060E-01  0.203927E-01  0.482479E-01      0.0000E+00      0.0000E+00
     620 -0.157686E-01 -0.429764E-01 -0.223265E-01  0.877375E-01      0.0000E+00      0.0000E+00
     621 -0.103500E-01 -0.477281E-01  0.316491E-01  0.737315E-01      0.0000E+00      0.0000E+00
     622  0.185092E-02 -0.343909E-01  0.537758E-02  0.618894E-01      0.0000E+00      0.0000E+00
     623  0.112647E-01 -0.304441E-01 -0.278286E-01  0.590584E-01      0.0000E+00      0.0000E+00
     624  0.260097E-01 -0.485285E-01 -0.130953E-01  0.390848E-01      0.0000E+00      0.0000E+00
     625  0.277817E-01 -0.615855E-01 -0.195398E-01  0.483032E-01      0.0000E+00      0.0000E+00
     626  0.219143E-01 -0.469306E-01 -0.227821E-01  0.699152E-01      0.0000E+00      0.0000E+00
     627  0.148692E-01 -0.446849E-01 -0.231271E-01  0.723755E-01      0.0000E+00      0.0000E+00
     628  0.919046E-02 -0.560269E-01 -0.112528E-01  0.865219E-01      0.0000E+00      0.0000E+00
     629 -0.446433E-03 -0.568305E-01  0.102314E-02  0.942567E-01      0.0000E+00      0.0000E+00
     630 -0.140345E-01 -0.444397E-01  0.829024E-02  0.908832E-01      0.0000E+00      0.0000E+00
     631 -0.215339E-01 -0.479112E-01  0.221573E-01  0.798346E-01      0.0000E+00      0.0000E+00
     632 -0.225992E-01 -0.511805E-01  0.382384E-01  0.605323E-01      0.0000E+00      0.0000E+00
     633 -0.201204E-01 -0.435337E-01  0.214045E-01  0.579877E-01      0.0000E+00      0.0000E+00
     634 -0.120252E-01 -0.308573E-01 -0.992895E-02  0.552884E-01      0.0000E+00      0.0000E+00
     635  0.627291E-02 -0.282283E-01 -0.111729E-01  0.107102E+00      0.0000E+00      0.0000E+00
     636  0.208716E-01 -0.225431E-01 -0.133007E-01  0.104992E+00      0.0000E+00      0.0000E+00
     637  0.190888E-01 -0.857758E-02 -0.392877E-01 -0.387488E-01      0.0000E+00      0.0000E+00
     638  0.215075E-01 -0.953882E-02 -0.256675E-01 -0.100894E+00      0.0000E+00      0.0000E+00
     639  0.194185E-01 -0.170419E-01 -0.765619E-02 -0.562464E-01      0.0000E+00      0.0000E+00
     640  0.561719E-02 -0.327378E-02 -0.163343E-01 -0.706325E-01      0.0000E+00      0.0000E+00
     641 -0.630454E-02  0.128443E-01  0.451032E-02 -0.597592E-01      0.0000E+00      0.0000E+00
     642 -0.147895E-01  0.186986E-01  0.190112E-01 -0.184452E-01      0.0000E+00      0.0000E+00
     643 -0.197472E-01  0.339328E-01  0.290002E-01 -0.254768E-01      0.0000E+00      0.0000E+00
     644 -0.216186E-01  0.591049E-01  0.160086E-01 -0.504737E-01      0.0000E+00      0.0000E+00
     645 -0.137173E-01  0.526358E-01  0.735897E-03 -0.866245E-01      0.0000E+00      0.0000E+00
     646  0.270595E-02  0.459694E-01 -0.487251E-02 -0.112221E+00      0.0000E+00      0.0000E+00
     647  0.101285E-01  0.631948E-01  0.453433E-02 -0.697300E-01      0.0000E+00      0.0000E+00
     648  0.501062E-02  0.704489E-01 -0.190577E-02 -0.478289E-01      0.0000E+00      0.0000E+00
     649 -0.269023E-02  0.691840E-01 -0.142485E-01 -0.461031E-01      0.0000E+00      0.0000E+00
     650  0.507044E-02  0.927385E-01 -0.292438E-02 -0.471047E-01      0.0000E+00      0.0000E+00
     651  0.224170E-01  0.961102E-01  0.233289E-03 -0.746890E-01      0.0000E+00      0.0000E+00
     652  0.247621E-01  0.786421E-01 -0.399920E-01 -0.872472E-01      0.0000E+00      0.0000E+00
     653  0.147773E-01  0.734537E-01 -0.184832E-01 -0.830238E-01      0.0000E+00      0.0000E+00
     654 -0.112807E-02  0.602911E-01 -0.706669E-02 -0.635421E-01      0.0000E+00      0.0000E+00
     655 -0.810353E-02  0.426146E-01 -0.345891E-02 -0.209652E-01      0.0000E+00      0.0000E+00
     656 -0.379246E-02  0.488671E-01 -0.700337E-02 -0.635247E-01      0.0000E+00      0.0000E+00
     657  0.425120E-02  0.479644E-01 -0.971429E-01 -0.866659E-01      0.0000E+00      0.0000E+00
     658  0.358121E-02  0.433193E-01 -0.761150E-01 -0.320682E-01      0.0000E+00      0.0000E+00
     659 -0.792680E-02  0.474142E-01  0.525567E-01 -0.147526E-01      0.0000E+00      0.0000E+00
     660 -0.280481E-01  0.288002E-01 -0.128544E-01 -0.197949E-01      0.0000E+00      0.0000E+00
     661 -0.246114E-01 -0.471300E-02  0.447423E-02  0.174970E-01      0.0000E+00      0.0000E+00
     662 -0.337091E-02 -0.881049E-02 -0.630225E-01  0.216806E-01      0.0000E+00      0.0000E+00
     663  0.177856E-01  0.130295E-01 -0.106535E-01 -0.445960E-02      0.0000E+00      0.0000E+00
     664  0.202794E-01  0.104528E-01  0.485583E-01  0.423152E-02      0.0000E+00      0.0000E+00
     665 -0.211080E-02 -0.160537E-01 -0.656809E-01  0.115929E-01      0.0000E+00      0.0000E+00
     666  0.821610E-02 -0.169189E-01  0.412514E-01  0.602572E-01      0.0000E+00      0.0000E+00
     667  0.133134E-01 -0.134915E-01 -0.408149E-01  0.692189E-01      0.0000E+00      0.0000E+00
     668  0.289450E-01 -0.149403E-01 -0.244021E-01  0.568389E-01      0.0000E+00      0.0000E+00
     669  0.431190E-01 -0.117848E-01 -0.289840E-01  0.438221E-01      0.0000E+00      0.0000E+00
     670  0.372826E-01 -0.178710E-01 -0.308473E-01  0.450300E-01      0.0000E+00      0.0000E+00
     671  0.160282E-01 -0.432735E-01 -0.176006E-01  0.499293E-01      0.0000E+00      0.0000E+00
     672 -0.857210E-03 -0.605201E-01 -0.384933E-01  0.382163E-01      0.0000E+00      0.0000E+00
     673  0.125880E-01 -0.530725E-01  0.125477E-02  0.585397E-01      0.0000E+00      0.0000E+00
     674  0.298636E-01 -0.442896E-01  0.570399E-02  0.646855E-01      0.0000E+00      0.0000E+00
     675  0.132696E-01 -0.480783E-01 -0.236134E-01  0.484550E-01      0.0000E+00      0.0000E+00
     676 -0.180567E-02 -0.486854E-01 -0.323313E-01  0.422759E-01      0.0000E+00      0.0000E+00
     677  0.178539E-01 -0.458217E-01  0.228925E-02  0.531268E-01      0.0000E+00      0.0000E+00
     678  0.357052E-01 -0.601920E-01 -0.754580E-02  0.437926E-01      0.0000E+00      0.0000E+00
     679  0.304459E-01 -0.718707E-01 -0.377233E-01  0.526339E-01      0.0000E+00      0.0000E+00
     680  0.208105E-01 -0.568579E-01 -0.318296E-01  0.704448E-01      0.0000E+00      0.0000E+00
     681  0.153685E-01 -0.437372E-01  0.964951E-02  0.418808E-01      0.0000E+00      0.0000E+00
     682  0.142529E-01 -0.594821E-01  0.439925E-01  0.512795E-01      0.0000E+00      0.0000E+00
     683  0.139927E-01 -0.752705E-01  0.280985E-01  0.370702E-01      0.0000E+00      0.0000E+00
     684  0.134391E-01 -0.602856E-01 -0.287409E-01  0.457730E-01      0.0000E+00      0.0000E+00
     685  0.151158E-01 -0.370506E-01 -0.205205E-01  0.563189E-01      0.0000E+00      0.0000E+00
     686  0.229901E-01 -0.414147E-01 -0.694543E-01  0.453095E-01      0.0000E+00      0.0000E+00
     687  0.422025E-01 -0.615932E-01 -0.566019E-01 -0.912613E-01      0.0000E+00      0.0000E+00
     688  0.439350E-01 -0.493250E-01 -0.338128E-01 -0.273653E-01      0.0000E+00      0.0000E+00
     689  0.302445E-01 -0.323776E-01 -0.313151E-01  0.159866E-02      0.0000E+00      0.0000E+00
     690  0.120324E-01 -0.299579E-01 -0.136493E-01  0.419131E-01      0.0000E+00      0.0000E+00
     691  0.474730E-02 -0.133454E-01 -0.290857E-01 -0.141098E-01      0.0000E+00      0.0000E+00
     692  0.152909E-01 -0.821763E-03  0.364743E-02 -0.372075E-01      0.0000E+00      0.0000E+00
     693  0.665587E-02 -0.158566E-01 -0.377829E-02  0.408847E-01      0.0000E+00      0.0000E+00
     694 -0.110013E-01 -0.300728E-01 -0.161972E-01  0.159672E-01      0.0000E+00      0.0000E+00
     695 -0.100164E-01  0.957879E-03  0.194242E-01 -0.777011E-01      0.0000E+00      0.0000E+00
     696 -0.665548E-02  0.371570E-01  0.296308E-01 -0.390105E-01      0.0000E+00      0.0000E+00
     697 -0.499298E-02  0.331437E-01 -0.178927E-01 -0.315020E-01      0.0000E+00      0.0000E+00
     698  0.966732E-02  0.341561E-01  0.353250E-03 -0.450230E-01      0.0000E+00      0.0000E+00
     699  0.107368E-01  0.401677E-01 -0.325619E-01 -0.518207E-01      0.0000E+00      0.0000E+00
     700  0.447809E-02  0.262026E-01 -0.624234E-02 -0.455850E-01      0.0000E+00      0.0000E+00
     701 -0.227533E-02  0.426059E-01  0.142208E-01 -0.818234E-01      0.0000E+00      0.0000E+00
     702 -0.835353E-02  0.759071E-01 -0.191224E-02 -0.771383E-01      0.0000E+00      0.0000E+00
     703 -0.424779E-02  0.656353E-01  0.632519E-02 -0.867962E-01      0.0000E+00      0.0000E+00
     704  0.278012E-02  0.497857E-01 -0.119820E-01 -0.912222E-01      0.0000E+00      0.0000E+00
     705  0.928442E-02  0.666063E-01 -0.406399E-01 -0.522163E-01      0.0000E+00      0.0000E+00
     706  0.337116E-02  0.553139E-01 -0.482434E-01 -0.292511E-01      0.0000E+00      0.0000E+00
     707 -0.266500E-02  0.413496E-01 -0.242143E-02 -0.545394E-01      0.0000E+00      0.0000E+00
     708 -0.123911E-02  0.478555E-01 -0.259541E-01 -0.584211E-01      0.0000E+00      0.0000E+00
     709 -0.440288E-03  0.424359E-01 -0.440106E-01 -0.479128E-01      0.0000E+00      0.0000E+00
     710 -0.675792E-02  0.267737E-01 -0.195956E-02 -0.155319E-01      0.0000E+00      0.0000E+00
     711 -0.146505E-01  0.272676E-01  0.427527E-01 -0.694546E-02      0.0000E+00      0.0000E+00
     712 -0.333786E-01  0.137155E-01  0.323616E-01  0.176627E-01      0.0000E+00      0.0000E+00
     713 -0.478765E-01 -0.162783E-01  0.421216E-01  0.429170E-01      0.0000E+00      0.0000E+00
     714 -0.402635E-01 -0.177712E-01  0.504333E-01  0.494063E-01      0.0000E+00      0.0000E+00
     715 -0.306620E-01 -0.172014E-03  0.165670E-01  0.305454E-01      0.0000E+00      0.0000E+00
     716 -0.246131E-01  0.316259E-03  0.138446E-02  0.411774E-01      0.0000E+00      0.0000E+00
     717 -0.181324E-01 -0.666424E-03 -0.154176E-01  0.548650E-01      0.0000E+00      0.0000E+00
     718 -0.527419E-02  0.130881E-01 -0.280455E-01  0.553637E-01      0.0000E+00      0.0000E+00
     719  0.834651E-02  0.937991E-02 -0.277953E-01  0.431355E-01      0.0000E+00      0.0000E+00
     720  0.198404E-01 -0.860569E-02 -0.254695E-01  0.349295E-01      0.0000E+00      0.0000E+00
     721  0.326509E-01  0.148476E-02 -0.181274E-01  0.494895E-02      0.0000E+00      0.0000E+00
     722  0.289674E-01  0.245064E-02 -0.713353E-02  0.221285E-02      0.0000E+00      0.0000E+00
     723  0.151287E-01 -0.300769E-01 -0.127257E-01  0.841797E-02      0.0000E+00      0.0000E+00
     724  0.142344E-01 -0.564100E-01 -0.115608E-01  0.215510E-01      0.0000E+00      0.0000E+00
     725  0.144546E-01 -0.513799E-01 -0.170697E-01  0.274069E-01      0.0000E+00      0.0000E+00
     726  0.689832E-02 -0.356555E-01 -0.176520E-01  0.449763E-01      0.0000E+00      0.0000E+00
     727 -0.582270E-02 -0.242925E-01 -0.220829E-01  0.679664E-01      0.0000E+00      0.0000E+00
     728 -0.674818E-02 -0.297744E-02 -0.403723E-01  0.893864E-01      0.0000E+00      0.0000E+00
     729  0.116351E-01 -0.222825E-03  0.182141E-01  0.405880E-01      0.0000E+00      0.0000E+00
     730  0.663409E-02 -0.198957E-01  0.326996E-01  0.268419E-01      0.0000E+00      0.0000E+00
     731 -0.147145E-01 -0.117978E-01 -0.599636E-01 -0.827388E-01      0.0000E+00      0.0000E+00
     732  0.793612E-02  0.140618E-01 -0.120566E+00 -0.578047E-01      0.0000E+00      0.0000E+00
     733  0.218157E-01  0.194250E-01 -0.570777E-01 -0.126249E-01      0.0000E+00      0.0000E+00
     734  0.447088E-02 -0.571638E-02 -0.291425E-01  0.982490E-02      0.0000E+00      0.0000E+00
     735 -0.870683E-02 -0.306647E-01 -0.283630E-01  0.241869E-01      0.0000E+00      0.0000E+00
     736  0.157141E-02 -0.458766E-01 -0.151542E-01  0.297565E-01      0.0000E+00      0.0000E+00
     737  0.155590E-01 -0.542159E-01 -0.839760E-02  0.391525E-01      0.0000E+00      0.0000E+00
     738  0.112202E-01 -0.420860E-01 -0.195841E-01  0.483625E-01      0.0000E+00      0.0000E+00
     739 -0.448295E-02 -0.164709E-01  0.536866E-02  0.624889E-01      0.0000E+00      0.0000E+00
     740 -0.404560E-02 -0.902250E-03  0.360089E-01  0.743947E-01      0.0000E+00      0.0000E+00
     741 -0.508597E-03 -0.686090E-03  0.334643E-01  0.622325E-01      0.0000E+00      0.0000E+00
     742 -0.802984E-02 -0.150072E-02 -0.455307E-02 -0.809263E-02      0.0000E+00      0.0000E+00
     743 -0.998590E-02  0.177425E-01  0.380401E-02 -0.298076E-02      0.0000E+00      0.0000E+00
     744 -0.213221E-01  0.254377E-01  0.134995E-01  0.121785E-01      0.0000E+00      0.0000E+00
     745 -0.289683E-01  0.900122E-02  0.401300E-01 -0.245800E-01      0.0000E+00      0.0000E+00
     746 -0.291617E-01  0.255725E-03  0.594851E-02 -0.404056E-01      0.0000E+00      0.0000E+00
     747 -0.203128E-01 -0.147672E-02  0.268953E-02  0.246180E-02      0.0000E+00      0.0000E+00
     748 -0.781597E-02 -0.116511E-01  0.147071E-01  0.681580E-01      0.0000E+00      0.0000E+00
     749  0.173579E-02 -0.970818E-02  0.709696E-02  0.695935E-01      0.0000E+00      0.0000E+00
     750  0.103626E-01  0.112901E-01 -0.910098E-02 -0.595404E-02      0.0000E+00      0.0000E+00
     751  0.188536E-01  0.190335E-01 -0.182696E-01 -0.600356E-01      0.0000E+00      0.0000E+00
     752  0.219299E-01  0.189862E-01 -0.207592E-02 -0.235556E-01      0.0000E+00      0.0000E+00
     753  0.115580E-01  0.237846E-01 -0.368972E-02 -0.116265E-01      0.0000E+00      0.0000E+00
     754 -0.100522E-01  0.226734E-01 -0.469146E-02 -0.301346E-01      0.0000E+00      0.0000E+00
     755 -0.289437E-01  0.158377E-01  0.140996E-01 -0.412978E-01      0.0000E+00      0.0000E+00
     756 -0.365956E-01  0.251726E-01  0.399944E-01 -0.391152E-01      0.0000E+00      0.0000E+00
     757 -0.478040E-01  0.314393E-01  0.815042E-01 -0.545627E-01      0.0000E+00      0.0000E+00
     758 -0.695681E-01  0.196586E-01  0.876095E-01 -0.279769E-01      0.0000E+00      0.0000E+00
     759 -0.885111E-01  0.150933E-01  0.641683E-01 -0.843625E-02      0.0000E+00      0.0000E+00
     760 -0.881886E-01  0.391073E-01  0.473382E-01 -0.604893E-02      0.0000E+00      0.0000E+00
     761 -0.658104E-01  0.441221E-01  0.895558E-01 -0.118231E-01      0.0000E+00      0.0000E+00
     762 -0.475198E-01  0.339392E-01  0.431540E-01 -0.301557E-01      0.0000E+00      0.0000E+00
     763 -0.297588E-01  0.195256E-01  0.243932E-01 -0.540575E-01      0.0000E+00      0.0000E+00
     764 -0.150481E-01  0.191655E-01  0.163087E-01 -0.592400E-01      0.0000E+00      0.0000E+00
     765 -0.753161E-02  0.249739E-01  0.151750E-01 -0.660746E-01      0.0000E+00      0.0000E+00
     766 -0.465789E-02  0.393981E-01  0.226064E-01 -0.606557E-01      0.0000E+00      0.0000E+00
     767  0.113046E-02  0.514007E-01  0.318617E-01 -0.740912E-01      0.0000E+00      0.0000E+00
     768  0.880887E-02  0.493695E-01  0.433555E-01 -0.671167E-01      0.0000E+00      0.0000E+00
     769  0.102062E-01  0.326920E-01 -0.746631E-02 -0.470117E-01      0.0000E+00      0.0000E+00
     770  0.103353E-01  0.308481E-01 -0.452144E-01 -0.471567E-01      0.0000E+00      0.0000E+00
     771  0.166298E-01  0.240367E-01 -0.524984E-01 -0.348134E-01      0.0000E+00      0.0000E+00
     772  0.292844E-01  0.188163E-01 -0.329927E-02  0.774300E-01      0.0000E+00      0.0000E+00
     773  0.223127E-01  0.180948E-01 -0.361787E-01  0.827942E-01      0.0000E+00      0.0000E+00
     774  0.134319E-01  0.185232E-01 -0.864301E-02  0.548801E-01      0.0000E+00      0.0000E+00
     775  0.400109E-02 -0.230768E-02 -0.539788E-02  0.194474E-01      0.0000E+00      0.0000E+00
     776 -0.123424E-02 -0.178916E-01  0.233279E-03  0.366972E-01      0.0000E+00      0.0000E+00
     777 -0.773604E-03 -0.842892E-02  0.175711E-02 -0.547386E-03      0.0000E+00      0.0000E+00
     778  0.226146E-02  0.562457E-02 -0.268846E-03 -0.176163E-01      0.0000E+00      0.0000E+00
     779  0.118433E-01 -0.289166E-02 -0.597211E-02  0.556124E-01      0.0000E+00      0.0000E+00
