       1  0.589218E-01  0.295556E+01 -0.700841E-01 -0.642759E-02
       2  0.513167E-01  0.306869E+01 -0.147755E+00  0.846354E-01
       3  0.128271E+00  0.315003E+01 -0.123118E+00  0.117556E+00
       4  0.195654E+00  0.314334E+01 -0.308687E-01  0.269146E-01
       5  0.171115E+00  0.317607E+01 -0.170110E-01 -0.199058E-01
       6  0.706977E-01  0.329523E+01 -0.118255E+00  0.233835E-01
       7  0.627887E+01  0.341348E+01  0.607839E+01  0.538507E-01
       8  0.181723E-02  0.342191E+01 -0.154567E+00 -0.147063E-01
       9  0.816987E-01  0.333372E+01  0.365593E-02 -0.143180E+00
      10  0.122386E+00  0.329043E+01 -0.615281E+01 -0.202760E+00
      11  0.589823E-01  0.331967E+01 -0.614802E+01 -0.145977E+00
      12  0.621122E+01  0.330035E+01  0.396712E-01 -0.874144E-01
      13  0.611096E+01  0.318453E+01 -0.187999E-01 -0.122426E+00
      14  0.609146E+01  0.307605E+01  0.260723E-01 -0.168380E+00
      15  0.611521E+01  0.306982E+01  0.107629E+00 -0.105376E+00
      16  0.611269E+01  0.309313E+01  0.114685E+00  0.804969E-02
      17  0.608259E+01  0.303112E+01  0.471842E-01  0.279649E-01
      18  0.605898E+01  0.294412E+01 -0.369938E-01  0.795172E-02
      19  0.608651E+01  0.290641E+01 -0.565654E-01  0.300911E-01
      20  0.617162E+01  0.287876E+01  0.213678E-01  0.772204E-01
      21  0.624189E+01  0.284032E+01  0.114740E+00  0.112808E+00
      22  0.627965E+01  0.283194E+01  0.142922E+00  0.178004E+00
      23  0.268742E-01  0.286380E+01 -0.618191E+01  0.241689E+00
      24  0.847975E-01  0.289132E+01  0.731201E-01  0.256151E+00
      25  0.156079E+00  0.285163E+01  0.653060E-01  0.177590E+00
      26  0.212049E+00  0.285088E+01  0.469468E-01  0.128153E+00
      27  0.219398E+00  0.294597E+01 -0.232582E-01  0.180852E+00
      28  0.200535E+00  0.301763E+01 -0.117593E+00  0.207053E+00
      29  0.179563E+00  0.302632E+01 -0.188381E+00  0.141964E+00
      30  0.187771E+00  0.303098E+01 -0.175608E+00  0.558827E-01
      31  0.203959E+00  0.310650E+01 -0.118972E+00  0.478937E-01
      32  0.181948E+00  0.316201E+01 -0.828083E-01  0.613950E-01
      33  0.109640E+00  0.308850E+01 -0.100916E+00  0.343069E-01
      34  0.442941E-01  0.295680E+01 -0.109080E+00 -0.448260E-01
      35  0.490780E-02  0.296384E+01 -0.617273E-01 -0.296418E-01
      36  0.625507E+01  0.307241E+01 -0.753834E-02  0.771549E-01
      37  0.620615E+01  0.313625E+01  0.277018E-01  0.115804E+00
      38  0.614076E+01  0.308181E+01  0.468768E-01  0.356054E-01
      39  0.606976E+01  0.306137E+01  0.623992E-01  0.201946E-02
      40  0.600211E+01  0.310464E+01  0.801739E-01  0.484924E-01
      41  0.596147E+01  0.312239E+01  0.117510E+00  0.792357E-01
      42  0.594309E+01  0.305720E+01  0.173746E+00  0.132337E-01
      43  0.592579E+01  0.302674E+01  0.220804E+00 -0.515313E-01
      44  0.590081E+01  0.314573E+01  0.230240E+00  0.225400E-02
      45  0.590506E+01  0.332406E+01  0.195678E+00  0.115930E+00
      46  0.594643E+01  0.340008E+01  0.216744E+00  0.116785E+00
      47  0.599969E+01  0.337769E+01  0.274429E+00  0.266027E-02
      48  0.602982E+01  0.336434E+01  0.260820E+00 -0.892818E-01
      49  0.606009E+01  0.337627E+01  0.217621E+00 -0.126177E+00
      50  0.610627E+01  0.338447E+01  0.178409E+00 -0.135435E+00
      51  0.617301E+01  0.337263E+01  0.157988E+00 -0.145409E+00
      52  0.624681E+01  0.337387E+01  0.144819E+00 -0.134813E+00
      53  0.171147E-01  0.335894E+01 -0.616978E+01 -0.146176E+00
      54  0.412431E-01  0.337286E+01 -0.621598E+01 -0.148878E+00
      55  0.565055E-01  0.342377E+01  0.134808E-01 -0.141877E+00
      56  0.995345E-01  0.351162E+01 -0.234098E-01 -0.904003E-01
      57  0.165490E+00  0.351064E+01 -0.442694E-01 -0.960221E-01
      58  0.231649E+00  0.341998E+01 -0.645464E-01 -0.175810E+00
      59  0.276517E+00  0.331843E+01 -0.104480E+00 -0.249260E+00
      60  0.296001E+00  0.329289E+01 -0.141504E+00 -0.207475E+00
      61  0.297970E+00  0.326790E+01 -0.160270E+00 -0.142455E+00
      62  0.302507E+00  0.321011E+01 -0.179471E+00 -0.112473E+00
      63  0.321973E+00  0.315741E+01 -0.209789E+00 -0.880659E-01
      64  0.351069E+00  0.315832E+01 -0.221198E+00 -0.186828E-01
      65  0.345215E+00  0.314612E+01 -0.228970E+00  0.470788E-01
      66  0.274777E+00  0.302173E+01 -0.257897E+00  0.240576E-03
      67  0.191043E+00  0.290243E+01 -0.268111E+00 -0.732060E-01
      68  0.140703E+00  0.291766E+01 -0.248177E+00 -0.335009E-01
      69  0.161566E+00  0.301868E+01 -0.237196E+00  0.138294E+00
      70  0.199906E+00  0.299249E+01 -0.245405E+00  0.185510E+00
      71  0.193975E+00  0.285135E+01 -0.228506E+00  0.126740E+00
      72  0.112896E+00  0.275965E+01 -0.245419E+00  0.910390E-01
      73  0.444734E-01  0.283195E+01 -0.251964E+00  0.219595E+00
      74  0.545592E-01  0.281330E+01 -0.205847E+00  0.267765E+00
      75  0.117713E+00  0.273178E+01 -0.100004E+00  0.247911E+00
      76  0.166194E+00  0.274160E+01  0.121041E-01  0.296604E+00
      77  0.108729E+00  0.281232E+01  0.224660E-01  0.395354E+00
      78  0.474484E-02  0.276272E+01 -0.107338E-01  0.359492E+00
      79  0.620672E+01  0.270684E+01 -0.138694E-01  0.270293E+00
      80  0.620506E+01  0.278590E+01  0.692137E-01  0.325798E+00
      81  0.620156E+01  0.286315E+01  0.151894E+00  0.386710E+00
      82  0.614971E+01  0.283068E+01  0.178203E+00  0.313410E+00
      83  0.604376E+01  0.279457E+01  0.121864E+00  0.202468E+00
      84  0.594197E+01  0.289257E+01  0.423947E-01  0.211074E+00
      85  0.589699E+01  0.298175E+01  0.164070E-01  0.210194E+00
      86  0.591755E+01  0.300863E+01  0.659431E-01  0.149917E+00
      87  0.596805E+01  0.303162E+01  0.175956E+00  0.107102E+00
      88  0.596928E+01  0.310079E+01  0.259864E+00  0.151638E+00
      89  0.596443E+01  0.314268E+01  0.314285E+00  0.154148E+00
      90  0.598341E+01  0.312892E+01  0.307356E+00  0.597602E-01
      91  0.605798E+01  0.309467E+01  0.351092E+00 -0.493264E-01
      92  0.610676E+01  0.318387E+01  0.416155E+00 -0.354433E-01
      93  0.610680E+01  0.334725E+01  0.395333E+00  0.513299E-01
      94  0.603447E+01  0.345036E+01  0.273666E+00  0.792950E-01
      95  0.596660E+01  0.343737E+01  0.195921E+00 -0.249668E-01
      96  0.591734E+01  0.342399E+01  0.154916E+00 -0.130324E+00
      97  0.591787E+01  0.348206E+01  0.168540E+00 -0.157565E+00
      98  0.592177E+01  0.358427E+01  0.177397E+00 -0.132525E+00
      99  0.593179E+01  0.366747E+01  0.158255E+00 -0.119306E+00
     100  0.593445E+01  0.369559E+01  0.103744E+00 -0.140622E+00
     101  0.597644E+01  0.369920E+01  0.835832E-01 -0.176354E+00
     102  0.605030E+01  0.370482E+01  0.923805E-01 -0.206935E+00
     103  0.615239E+01  0.370009E+01  0.128834E+00 -0.228027E+00
     104  0.624463E+01  0.366672E+01  0.144880E+00 -0.256137E+00
     105  0.373700E-01  0.361997E+01 -0.614955E+01 -0.291302E+00
     106  0.918078E-01  0.359535E+01 -0.618229E+01 -0.302670E+00
     107  0.146936E+00  0.359045E+01  0.740915E-01 -0.274122E+00
     108  0.202513E+00  0.356398E+01  0.626147E-01 -0.245440E+00
     109  0.249443E+00  0.353605E+01  0.312389E-01 -0.233581E+00
     110  0.284321E+00  0.352440E+01 -0.196803E-01 -0.225594E+00
     111  0.294767E+00  0.352895E+01 -0.938667E-01 -0.197231E+00
     112  0.304772E+00  0.349164E+01 -0.164759E+00 -0.200455E+00
     113  0.314584E+00  0.343160E+01 -0.223779E+00 -0.206036E+00
     114  0.333307E+00  0.334235E+01 -0.222015E+00 -0.208168E+00
     115  0.326644E+00  0.325329E+01 -0.199810E+00 -0.210082E+00
     116  0.297393E+00  0.317060E+01 -0.216756E+00 -0.201810E+00
     117  0.250507E+00  0.316360E+01 -0.257516E+00 -0.124954E+00
     118  0.243815E+00  0.321156E+01 -0.281889E+00 -0.362252E-02
     119  0.276601E+00  0.322905E+01 -0.324878E+00  0.481032E-01
     120  0.339575E+00  0.314853E+01 -0.332121E+00 -0.487688E-02
     121  0.350307E+00  0.301102E+01 -0.341346E+00 -0.716102E-01
     122  0.326794E+00  0.295236E+01 -0.327124E+00 -0.465937E-01
     123  0.287400E+00  0.295064E+01 -0.345086E+00  0.405951E-01
     124  0.285573E+00  0.293504E+01 -0.318482E+00  0.111520E+00
     125  0.298472E+00  0.288308E+01 -0.240594E+00  0.119655E+00
     126  0.307775E+00  0.288402E+01 -0.150810E+00  0.155004E+00
     127  0.250062E+00  0.285742E+01 -0.133522E+00  0.166474E+00
     128  0.156079E+00  0.280259E+01 -0.178618E+00  0.167680E+00
     129  0.962269E-01  0.272613E+01 -0.243432E+00  0.165887E+00
     130  0.941817E-01  0.277403E+01 -0.262904E+00  0.287671E+00
     131  0.103671E+00  0.279506E+01 -0.209408E+00  0.367549E+00
     132  0.608854E-01  0.276655E+01 -0.181549E+00  0.338276E+00
     133  0.207950E-01  0.277782E+01 -0.201542E+00  0.279902E+00
     134  0.264261E-02  0.287254E+01 -0.210097E+00  0.300515E+00
     135  0.549004E-01  0.292326E+01 -0.154242E+00  0.273264E+00
     136  0.121306E+00  0.292548E+01 -0.118945E+00  0.189419E+00
     137  0.191258E+00  0.295014E+01 -0.106456E+00  0.145245E+00
     138  0.214290E+00  0.295419E+01 -0.169422E+00  0.146014E+00
     139  0.233889E+00  0.293497E+01 -0.235872E+00  0.142907E+00
     140  0.279625E+00  0.291774E+01 -0.279538E+00  0.134390E+00
     141  0.377073E+00  0.296601E+01 -0.270891E+00  0.169991E+00
     142  0.460550E+00  0.299170E+01 -0.256980E+00  0.156538E+00
     143  0.493316E+00  0.304392E+01 -0.249874E+00  0.141244E+00
     144  0.464158E+00  0.310821E+01 -0.283120E+00  0.114754E+00
     145  0.401926E+00  0.321166E+01 -0.349728E+00  0.129700E+00
     146  0.341963E+00  0.323677E+01 -0.402449E+00  0.792046E-01
     147  0.318045E+00  0.324363E+01 -0.388833E+00  0.102497E-01
     148  0.325094E+00  0.326321E+01 -0.330082E+00 -0.439641E-01
     149  0.298999E+00  0.336375E+01 -0.310721E+00 -0.148293E-01
     150  0.227736E+00  0.340847E+01 -0.303390E+00 -0.937426E-02
     151  0.132084E+00  0.336222E+01 -0.314686E+00 -0.764048E-01
     152  0.954332E-01  0.325660E+01 -0.277063E+00 -0.177075E+00
     153  0.109848E+00  0.319767E+01 -0.198209E+00 -0.175751E+00
     154  0.159921E+00  0.317904E+01 -0.109901E+00 -0.117447E+00
     155  0.193545E+00  0.319510E+01 -0.126943E+00 -0.619687E-01
     156  0.191390E+00  0.330151E+01 -0.117009E+00 -0.299865E-01
     157  0.144270E+00  0.341511E+01 -0.120446E+00  0.213957E-01
     158  0.105293E+00  0.341123E+01 -0.752219E-01 -0.630023E-02
     159  0.832315E-01  0.330240E+01 -0.193152E-01 -0.152684E+00
     160  0.626297E-01  0.328931E+01  0.396772E-01 -0.203838E+00
     161  0.732350E-02  0.334430E+01 -0.621840E+01 -0.166260E+00
     162  0.620308E+01  0.337275E+01  0.320951E-01 -0.893272E-01
     163  0.613630E+01  0.326841E+01  0.745195E-02 -0.112847E+00
     164  0.610067E+01  0.317179E+01  0.181265E-01 -0.131375E+00
     165  0.608775E+01  0.310211E+01  0.132120E-01 -0.109626E+00
     166  0.606666E+01  0.307429E+01  0.438685E-02 -0.468607E-01
     167  0.605632E+01  0.298168E+01  0.262355E-01 -0.534802E-01
     168  0.604314E+01  0.291628E+01  0.675787E-01 -0.471598E-01
     169  0.606782E+01  0.292746E+01  0.145593E+00  0.365385E-01
     170  0.611241E+01  0.299123E+01  0.188894E+00  0.175881E+00
     171  0.617643E+01  0.293733E+01  0.225660E+00  0.191754E+00
     172  0.619344E+01  0.279014E+01  0.270291E+00  0.114948E+00
     173  0.617729E+01  0.272670E+01  0.266359E+00  0.125840E+00
     174  0.614319E+01  0.279765E+01  0.203560E+00  0.278457E+00
     175  0.612780E+01  0.282096E+01  0.230558E+00  0.355253E+00
     176  0.610431E+01  0.279577E+01  0.272638E+00  0.310977E+00
     177  0.605473E+01  0.286063E+01  0.253649E+00  0.294989E+00
     178  0.599053E+01  0.289557E+01  0.254258E+00  0.268245E+00
     179  0.593302E+01  0.289476E+01  0.233276E+00  0.184728E+00
     180  0.589636E+01  0.292754E+01  0.216938E+00  0.127526E+00
     181  0.585959E+01  0.307240E+01  0.226722E+00  0.198407E+00
     182  0.584642E+01  0.315686E+01  0.269798E+00  0.211623E+00
     183  0.585796E+01  0.317688E+01  0.287464E+00  0.131801E+00
     184  0.591747E+01  0.316461E+01  0.304555E+00  0.824282E-02
     185  0.598017E+01  0.324912E+01  0.328653E+00 -0.550998E-02
     186  0.603691E+01  0.335627E+01  0.333202E+00  0.125450E-01
     187  0.605290E+01  0.345059E+01  0.301407E+00  0.703843E-02
     188  0.605900E+01  0.350166E+01  0.268310E+00 -0.532484E-01
     189  0.604962E+01  0.359369E+01  0.254582E+00 -0.661084E-01
     190  0.606036E+01  0.365572E+01  0.261597E+00 -0.102548E+00
     191  0.605718E+01  0.367964E+01  0.222997E+00 -0.176218E+00
     192  0.605244E+01  0.370273E+01  0.183516E+00 -0.244324E+00
     193  0.600831E+01  0.381615E+01  0.151910E+00 -0.232363E+00
     194  0.595373E+01  0.401196E+01  0.106638E+00 -0.140177E+00
     195  0.590383E+01  0.422267E+01  0.305243E-01 -0.274003E-01
     196  0.591010E+01  0.438937E+01  0.169066E-01  0.379048E-01
     197  0.591204E+01  0.450073E+01  0.168858E-01  0.487420E-01
     198  0.589347E+01  0.460624E+01 -0.791611E-02  0.428819E-01
     199  0.585441E+01  0.471139E+01 -0.623773E-01  0.474161E-01
     200  0.582914E+01  0.485711E+01 -0.921241E-01  0.902365E-01
     201  0.579292E+01  0.503031E+01 -0.952800E-01  0.171972E+00
     202  0.573822E+01  0.524726E+01 -0.882296E-01  0.300528E+00
     203  0.569067E+01  0.538851E+01 -0.719932E-01  0.356823E+00
     204  0.568959E+01  0.544712E+01 -0.151480E-01  0.321653E+00
     205  0.573754E+01  0.550218E+01  0.874875E-01  0.278785E+00
     206  0.578931E+01  0.565030E+01  0.182149E+00  0.318211E+00
     207  0.580019E+01  0.574594E+01  0.192649E+00  0.291041E+00
     208  0.579371E+01  0.577940E+01  0.140536E+00  0.217969E+00
     209  0.579959E+01  0.572752E+01  0.851168E-01  0.767174E-01
     210  0.581668E+01  0.566632E+01  0.320928E-01 -0.590175E-01
     211  0.582291E+01  0.565586E+01 -0.399617E-01 -0.127526E+00
     212  0.584847E+01  0.576966E+01 -0.100081E+00 -0.451104E-01
     213  0.595036E+01  0.589436E+01 -0.732956E-01  0.922616E-01
     214  0.611640E+01  0.594537E+01  0.100784E-01  0.163183E+00
     215  0.620413E+01  0.593468E+01  0.997730E-02  0.136053E+00
     216  0.620659E+01  0.594588E+01 -0.669654E-01  0.949418E-01
     217  0.625658E+01  0.594193E+01  0.619353E+01  0.264921E-01
     218  0.889674E-01  0.600230E+01 -0.161150E-01  0.249783E-02
     219  0.202981E+00  0.611716E+01  0.902527E-01  0.118216E-01
     220  0.264527E+00  0.620698E+01  0.130879E+00  0.680945E-02
     221  0.349050E+00  0.622252E+01  0.146243E+00 -0.450373E-01
     222  0.500152E+00  0.627466E+01  0.212669E+00 -0.210063E-01
     223  0.642192E+00  0.635966E+01  0.267355E+00  0.636447E-01
     224  0.652493E+00  0.639023E+01  0.189531E+00  0.951422E-01
     225  0.643850E+00  0.638476E+01  0.929602E-01  0.804524E-01
     226  0.784974E+00  0.644985E+01  0.147104E+00  0.130444E+00
     227  0.814205E+00  0.636966E+01  0.897131E-01  0.318026E-01
     228  0.758008E+00  0.623213E+01 -0.534307E-01 -0.123947E+00
     229  0.788338E+00  0.621809E+01 -0.110304E+00 -0.141793E+00
     230  0.933685E+00  0.625740E+01 -0.465642E-01 -0.696112E-01
     231  0.106152E+01  0.615796E+01  0.170340E-01 -0.100898E+00
     232  0.111528E+01  0.606823E+01 -0.510147E-02 -0.122013E+00
     233  0.114272E+01  0.607030E+01 -0.393994E-01 -0.395567E-01
     234  0.117590E+01  0.606663E+01 -0.367743E-01  0.496021E-01
     235  0.123294E+01  0.599448E+01  0.126634E-01  0.834046E-01
     236  0.129735E+01  0.593608E+01  0.831024E-01  0.129517E+00
     237  0.129753E+01  0.575312E+01  0.691528E-01  0.487760E-01
     238  0.127668E+01  0.555108E+01 -0.135546E-01 -0.928107E-01
     239  0.130070E+01  0.549273E+01 -0.713988E-01 -0.117704E+00
     240  0.133065E+01  0.556157E+01 -0.983158E-01  0.143976E-01
     241  0.125685E+01  0.551853E+01 -0.180266E+00  0.719463E-01
     242  0.112214E+01  0.546133E+01 -0.293467E+00  0.116305E+00
     243  0.101542E+01  0.545129E+01 -0.330448E+00  0.170125E+00
     244  0.976762E+00  0.546064E+01 -0.281564E+00  0.181918E+00
     245  0.998001E+00  0.544194E+01 -0.172968E+00  0.149393E+00
     246  0.989053E+00  0.552158E+01 -0.946410E-01  0.214404E+00
     247  0.857559E+00  0.551270E+01 -0.139525E+00  0.184465E+00
     248  0.657469E+00  0.540198E+01 -0.256312E+00  0.349371E-01
     249  0.575605E+00  0.531261E+01 -0.253074E+00 -0.826445E-01
     250  0.671431E+00  0.539597E+01 -0.694188E-01 -0.181445E-02
     251  0.734605E+00  0.548747E+01  0.814891E-01  0.978024E-01
     252  0.619347E+00  0.556917E+01  0.536898E-01  0.178990E+00
     253  0.406088E+00  0.563360E+01 -0.897681E-01  0.211230E+00
     254  0.294704E+00  0.566508E+01 -0.128511E+00  0.176887E+00
     255  0.320711E+00  0.557392E+01 -0.224678E-01  0.359536E-01
     256  0.294672E+00  0.557364E+01  0.351782E-01  0.448713E-02
     257  0.133920E+00  0.563670E+01 -0.482157E-01  0.637042E-01
     258  0.622665E+01  0.566594E+01  0.611929E+01  0.107710E+00
     259  0.619198E+01  0.558800E+01  0.615815E+01  0.273253E-01
     260  0.624869E+01  0.561852E+01  0.925326E-02  0.336031E-01
     261  0.619970E+01  0.568108E+01  0.335211E-01  0.806042E-01
     262  0.597672E+01  0.571989E+01 -0.116221E+00  0.113765E+00
     263  0.576250E+01  0.569380E+01 -0.258303E+00  0.937898E-01
     264  0.579640E+01  0.563855E+01 -0.184643E+00  0.101420E+00
     265  0.600608E+01  0.546151E+01 -0.436141E-01 -0.637456E-02
     266  0.608910E+01  0.528920E+01  0.586553E-01 -0.762014E-01
     267  0.597218E+01  0.521055E+01 -0.718577E-01 -0.433384E-01
     268  0.586913E+01  0.519102E+01 -0.197052E+00  0.526143E-01
     269  0.589374E+01  0.506865E+01 -0.113254E+00  0.224657E-01
     270  0.598913E+01  0.498961E+01  0.353575E-01  0.345461E-01
     271  0.603506E+01  0.499728E+01  0.761516E-01  0.138800E+00
     272  0.603481E+01  0.506333E+01 -0.430843E-03  0.259433E+00
     273  0.605513E+01  0.508204E+01 -0.662052E-01  0.279694E+00
     274  0.615349E+01  0.515685E+01 -0.495515E-01  0.311061E+00
     275  0.581123E-02  0.517605E+01 -0.627486E+01  0.272357E+00
     276  0.106178E+00  0.514221E+01  0.367340E-01  0.167767E+00
     277  0.101075E+00  0.514499E+01 -0.312110E-01  0.836036E-01
     278  0.759715E-01  0.531531E+01 -0.110172E+00  0.166543E+00
     279  0.906041E-01  0.546617E+01 -0.960472E-01  0.213812E+00
     280  0.129229E+00  0.559884E+01 -0.287813E-02  0.248917E+00
     281  0.160247E+00  0.569602E+01  0.638798E-01  0.233985E+00
     282  0.210186E+00  0.579671E+01  0.907460E-01  0.215227E+00
     283  0.283105E+00  0.583465E+01  0.133336E+00  0.136633E+00
     284  0.320459E+00  0.591902E+01  0.157475E+00  0.981445E-01
     285  0.283374E+00  0.602387E+01  0.125236E+00  0.801302E-01
     286  0.163750E+00  0.611435E+01  0.546971E-01  0.686635E-01
     287  0.389685E-01  0.613846E+01 -0.756866E-02  0.514996E-02
     288  0.858814E-02  0.620082E+01 -0.847172E-02 -0.500275E-01
     289  0.998742E-02  0.630460E+01 -0.626829E+01 -0.686421E-01
     290  0.620909E+01  0.647067E+01 -0.367083E-01 -0.334521E-02
     291  0.608878E+01  0.661820E+01 -0.116321E+00  0.547721E-01
     292  0.601260E+01  0.675566E+01 -0.129687E+00  0.113342E+00
     293  0.596062E+01  0.677603E+01 -0.102074E+00  0.826853E-01
     294  0.584276E+01  0.671430E+01 -0.138811E+00 -0.243556E-01
     295  0.569261E+01  0.666814E+01 -0.205922E+00 -0.108744E+00
     296  0.565883E+01  0.667769E+01 -0.152583E+00 -0.104547E+00
     297  0.569578E+01  0.666835E+01 -0.288710E-01 -0.966756E-01
     298  0.562009E+01  0.664454E+01 -0.185026E-01 -0.986141E-01
     299  0.550246E+01  0.658537E+01 -0.516615E-01 -0.126947E+00
     300  0.544465E+01  0.650022E+01 -0.260988E-01 -0.174829E+00
     301  0.541509E+01  0.640033E+01  0.250887E-01 -0.227578E+00
     302  0.532541E+01  0.638695E+01  0.713918E-02 -0.171325E+00
     303  0.521306E+01  0.638615E+01 -0.506034E-01 -0.752233E-01
     304  0.513394E+01  0.634820E+01 -0.765921E-01 -0.137148E-01
     305  0.508357E+01  0.627983E+01 -0.593160E-01  0.588628E-03
     306  0.502807E+01  0.622432E+01 -0.409055E-01 -0.782137E-03
     307  0.499278E+01  0.614215E+01  0.301213E-02 -0.471109E-01
     308  0.493340E+01  0.610272E+01  0.195311E-01 -0.597964E-01
     309  0.484822E+01  0.609582E+01  0.279946E-02 -0.281515E-01
     310  0.476882E+01  0.605292E+01 -0.155493E-01 -0.152407E-01
     311  0.472995E+01  0.596437E+01  0.828350E-02 -0.393781E-01
     312  0.470897E+01  0.596392E+01  0.496821E-01  0.164320E-01
     313  0.469347E+01  0.600211E+01  0.847241E-01  0.128432E+00
     314  0.469255E+01  0.598413E+01  0.104161E+00  0.210094E+00
     315  0.471570E+01  0.591402E+01  0.999139E-01  0.233992E+00
     316  0.477299E+01  0.580848E+01  0.922601E-01  0.171389E+00
     317  0.487087E+01  0.570157E+01  0.108375E+00  0.489639E-01
     318  0.497740E+01  0.567438E+01  0.128768E+00  0.624465E-04
     319  0.506430E+01  0.570518E+01  0.128444E+00  0.251797E-01
     320  0.515250E+01  0.572635E+01  0.129454E+00  0.537868E-01
     321  0.523924E+01  0.568894E+01  0.128613E+00  0.194147E-01
     322  0.534383E+01  0.569850E+01  0.145643E+00  0.277439E-01
     323  0.544379E+01  0.574836E+01  0.158039E+00  0.778420E-01
     324  0.554225E+01  0.581792E+01  0.169043E+00  0.144615E+00
     325  0.563907E+01  0.583324E+01  0.180818E+00  0.143148E+00
     326  0.571564E+01  0.584453E+01  0.177543E+00  0.107117E+00
     327  0.578715E+01  0.581595E+01  0.171584E+00  0.205972E-01
     328  0.586643E+01  0.583000E+01  0.170288E+00 -0.139406E-01
     329  0.592255E+01  0.588719E+01  0.148459E+00  0.545633E-03
     330  0.586804E+01  0.602034E+01  0.573031E-01  0.518385E-01
     331  0.572187E+01  0.611850E+01 -0.525234E-01  0.536170E-01
     332  0.564622E+01  0.621726E+01 -0.916283E-01  0.654645E-01
     333  0.564296E+01  0.631092E+01 -0.413037E-01  0.797268E-01
     334  0.558053E+01  0.640529E+01 -0.339471E-01  0.958835E-01
     335  0.545921E+01  0.645385E+01 -0.102400E+00  0.592123E-01
     336  0.538307E+01  0.651694E+01 -0.116822E+00  0.357274E-01
     337  0.536048E+01  0.653159E+01 -0.572878E-01  0.101912E-01
     338  0.531127E+01  0.648248E+01 -0.188754E-01 -0.419899E-01
     339  0.519239E+01  0.641402E+01 -0.499960E-01 -0.104889E+00
     340  0.507094E+01  0.641598E+01 -0.850829E-01 -0.869329E-01
     341  0.499683E+01  0.641985E+01 -0.740730E-01 -0.568449E-01
     342  0.495980E+01  0.642529E+01 -0.241440E-01 -0.416649E-01
     343  0.491070E+01  0.642551E+01  0.139885E-01 -0.468366E-01
     344  0.481640E+01  0.644781E+01  0.638132E-02 -0.345415E-01
     345  0.471019E+01  0.646226E+01 -0.129806E-01 -0.288768E-01
     346  0.462084E+01  0.650941E+01 -0.158023E-01  0.178096E-01
     347  0.453792E+01  0.657025E+01 -0.116325E-01  0.817560E-01
     348  0.443680E+01  0.658635E+01 -0.258120E-01  0.911047E-01
     349  0.431823E+01  0.655509E+01 -0.591231E-01  0.345970E-01
     350  0.422375E+01  0.657584E+01 -0.688434E-01  0.236387E-01
     351  0.416264E+01  0.664336E+01 -0.438803E-01  0.701646E-01
     352  0.409946E+01  0.670096E+01 -0.244558E-01  0.108423E+00
     353  0.400091E+01  0.673130E+01 -0.481191E-01  0.102804E+00
     354  0.388115E+01  0.676512E+01 -0.933514E-01  0.784638E-01
     355  0.376268E+01  0.679268E+01 -0.135588E+00  0.452110E-01
     356  0.364476E+01  0.685153E+01 -0.172886E+00  0.559231E-01
     357  0.353022E+01  0.696120E+01 -0.202445E+00  0.136801E+00
     358  0.344526E+01  0.703088E+01 -0.201330E+00  0.184934E+00
     359  0.338167E+01  0.701435E+01 -0.179448E+00  0.140873E+00
     360  0.332964E+01  0.698407E+01 -0.145915E+00  0.822253E-01
     361  0.328248E+01  0.695768E+01 -0.106445E+00  0.339718E-01
     362  0.323287E+01  0.692215E+01 -0.688808E-01 -0.146952E-01
     363  0.318617E+01  0.695150E+01 -0.284198E-01  0.782224E-02
     364  0.313755E+01  0.701849E+01  0.100999E-01  0.753919E-01
     365  0.306492E+01  0.702972E+01  0.256843E-01  0.831616E-01
     366  0.294588E+01  0.701160E+01 -0.344886E-02  0.395254E-01
     367  0.279560E+01  0.706111E+01 -0.704814E-01  0.453336E-01
     368  0.266176E+01  0.710841E+01 -0.124118E+00  0.511214E-01
     369  0.256916E+01  0.711195E+01 -0.132781E+00  0.189232E-01
     370  0.252930E+01  0.708310E+01 -0.867904E-01 -0.340066E-01
     371  0.250898E+01  0.705313E+01 -0.210872E-01 -0.763543E-01
     372  0.246307E+01  0.701322E+01  0.200784E-01 -0.112409E+00
     373  0.237418E+01  0.699006E+01  0.159095E-01 -0.109030E+00
     374  0.227698E+01  0.697202E+01 -0.336996E-02 -0.767752E-01
     375  0.220164E+01  0.695176E+01 -0.426271E-02 -0.302569E-01
     376  0.215872E+01  0.690944E+01  0.166834E-01  0.832242E-04
     377  0.211554E+01  0.684807E+01  0.279455E-01  0.103248E-01
     378  0.206626E+01  0.671737E+01  0.323945E-01 -0.497769E-01
     379  0.200306E+01  0.654532E+01  0.123404E-01 -0.137530E+00
     380  0.195273E+01  0.640289E+01 -0.132882E-01 -0.175870E+00
     381  0.191545E+01  0.635389E+01 -0.313629E-01 -0.105594E+00
     382  0.187138E+01  0.632446E+01 -0.493266E-01 -0.162630E-01
     383  0.179628E+01  0.628666E+01 -0.902957E-01  0.575526E-01
     384  0.170535E+01  0.622519E+01 -0.130989E+00  0.783853E-01
     385  0.161774E+01  0.617488E+01 -0.138770E+00  0.651350E-01
     386  0.154723E+01  0.614431E+01 -0.121802E+00  0.316928E-01
     387  0.147803E+01  0.616855E+01 -0.103731E+00  0.445313E-01
     388  0.138210E+01  0.619119E+01 -0.112866E+00  0.545361E-01
     389  0.125665E+01  0.618240E+01 -0.152377E+00  0.236426E-01
     390  0.114045E+01  0.615470E+01 -0.183432E+00 -0.334101E-01
     391  0.105945E+01  0.616020E+01 -0.177774E+00 -0.464468E-01
     392  0.997202E+00  0.619518E+01 -0.151946E+00 -0.159725E-01
     393  0.922725E+00  0.625257E+01 -0.139275E+00  0.427765E-01
     394  0.846626E+00  0.627226E+01 -0.133506E+00  0.667752E-01
     395  0.818400E+00  0.621121E+01 -0.952394E-01  0.393510E-01
     396  0.883768E+00  0.606401E+01 -0.627521E-01 -0.239081E-01
     397  0.955484E+00  0.593082E+01 -0.465269E-01 -0.917663E-01
     398  0.889185E+00  0.582931E+01 -0.631085E-01 -0.101383E+00
     399  0.758168E+00  0.574672E+01 -0.162425E+00 -0.881626E-01
     400  0.760722E+00  0.564011E+01 -0.159625E+00 -0.789761E-01
     401  0.852598E+00  0.554345E+01 -0.128734E-02 -0.967764E-01
     402  0.875432E+00  0.548090E+01  0.967824E-01 -0.965974E-01
     403  0.773282E+00  0.547047E+01  0.627371E-01 -0.295133E-01
     404  0.608266E+00  0.546257E+01 -0.445933E-01  0.436629E-01
     405  0.519350E+00  0.543540E+01 -0.868493E-01  0.948612E-01
     406  0.496297E+00  0.537796E+01 -0.315304E-01  0.900205E-01
     407  0.433450E+00  0.535922E+01 -0.773744E-02  0.769767E-01
     408  0.285549E+00  0.539260E+01 -0.713858E-01  0.786492E-01
     409  0.153809E+00  0.547845E+01 -0.157851E+00  0.853960E-01
     410  0.164581E+00  0.559661E+01 -0.147202E+00  0.100622E+00
     411  0.273910E+00  0.575578E+01 -0.369804E-01  0.151363E+00
     412  0.337861E+00  0.589031E+01  0.946501E-02  0.167261E+00
     413  0.298549E+00  0.598523E+01 -0.867132E-01  0.167930E+00
     414  0.254299E+00  0.607265E+01 -0.143664E+00  0.151490E+00
     415  0.302116E+00  0.620335E+01 -0.663567E-01  0.162163E+00
     416  0.377364E+00  0.631432E+01  0.260682E-01  0.155756E+00
     417  0.388566E+00  0.637926E+01  0.524815E-01  0.976231E-01
     418  0.362149E+00  0.640603E+01  0.367937E-01 -0.876580E-03
     419  0.369914E+00  0.645536E+01  0.695052E-01 -0.708504E-01
     420  0.355423E+00  0.651954E+01  0.116013E+00 -0.938755E-01
     421  0.240667E+00  0.661371E+01  0.798693E-01 -0.546087E-01
     422  0.108678E+00  0.670425E+01  0.170408E-01 -0.771585E-02
     423  0.514492E-01  0.677713E+01  0.225885E-01  0.133208E-01
     424  0.508027E-02  0.679231E+01 -0.625202E+01 -0.415356E-01
     425  0.621676E+01  0.685693E+01 -0.305620E-01 -0.741139E-01
     426  0.621977E+01  0.696220E+01  0.621677E+01 -0.604538E-01
     427  0.620297E+01  0.706858E+01  0.618448E+01 -0.541021E-01
     428  0.606478E+01  0.713613E+01 -0.215339E+00 -0.876929E-01
     429  0.596487E+01  0.723076E+01 -0.260952E+00 -0.733039E-01
     430  0.595786E+01  0.727367E+01 -0.182156E+00 -0.527693E-01
     431  0.591727E+01  0.725972E+01 -0.135154E+00 -0.685602E-01
     432  0.580053E+01  0.720223E+01 -0.164504E+00 -0.127986E+00
     433  0.578875E+01  0.716490E+01 -0.889944E-01 -0.165196E+00
     434  0.576939E+01  0.712566E+01 -0.209730E-01 -0.199132E+00
     435  0.566848E+01  0.714041E+01 -0.347669E-01 -0.174596E+00
     436  0.563359E+01  0.716163E+01  0.174016E-01 -0.140588E+00
     437  0.558610E+01  0.718091E+01  0.572156E-01 -0.109264E+00
     438  0.546713E+01  0.713159E+01  0.258226E-01 -0.149423E+00
     439  0.532906E+01  0.709625E+01 -0.363796E-01 -0.181893E+00
     440  0.523264E+01  0.704231E+01 -0.501366E-01 -0.226810E+00
     441  0.513376E+01  0.702004E+01 -0.626196E-01 -0.229669E+00
     442  0.497801E+01  0.700430E+01 -0.132895E+00 -0.219284E+00
     443  0.480392E+01  0.704198E+01 -0.221173E+00 -0.154586E+00
     444  0.467805E+01  0.708779E+01 -0.260309E+00 -0.907560E-01
     445  0.462077E+01  0.712676E+01 -0.229649E+00 -0.438369E-01
     446  0.454907E+01  0.711153E+01 -0.213710E+00 -0.565236E-01
     447  0.444866E+01  0.708517E+01 -0.226642E+00 -0.867825E-01
     448  0.433506E+01  0.703652E+01 -0.252716E+00 -0.142315E+00
     449  0.424325E+01  0.701288E+01 -0.256680E+00 -0.168588E+00
     450  0.417917E+01  0.700344E+01 -0.232932E+00 -0.172049E+00
     451  0.414404E+01  0.702770E+01 -0.180737E+00 -0.133778E+00
     452  0.410084E+01  0.701883E+01 -0.137541E+00 -0.123557E+00
     453  0.401710E+01  0.702765E+01 -0.134646E+00 -0.967720E-01
     454  0.389351E+01  0.707766E+01 -0.171169E+00 -0.345279E-01
     455  0.376521E+01  0.715327E+01 -0.212014E+00  0.489002E-01
     456  0.367851E+01  0.713699E+01 -0.211145E+00  0.320701E-01
     457  0.363948E+01  0.708333E+01 -0.167579E+00 -0.402289E-01
     458  0.362890E+01  0.707191E+01 -0.117888E+00 -0.101602E+00
     459  0.361701E+01  0.716269E+01 -0.810042E-01 -0.890862E-01
     460  0.358769E+01  0.729456E+01 -0.941608E-01 -0.521999E-01
     461  0.354298E+01  0.742984E+01 -0.128970E+00 -0.171660E-01
     462  0.350902E+01  0.750435E+01 -0.137979E+00 -0.541447E-01
     463  0.348439E+01  0.754480E+01 -0.108956E+00 -0.111149E+00
     464  0.343621E+01  0.756655E+01 -0.816904E-01 -0.147467E+00
     465  0.333203E+01  0.758326E+01 -0.988220E-01 -0.134387E+00
     466  0.321694E+01  0.754250E+01 -0.128478E+00 -0.151790E+00
     467  0.313551E+01  0.744836E+01 -0.123872E+00 -0.224978E+00
     468  0.308989E+01  0.734968E+01 -0.831798E-01 -0.301729E+00
     469  0.305868E+01  0.734428E+01 -0.294810E-01 -0.276474E+00
     470  0.301602E+01  0.738134E+01  0.117443E-01 -0.202190E+00
     471  0.293896E+01  0.739468E+01  0.175437E-01 -0.148928E+00
     472  0.282829E+01  0.735157E+01 -0.107070E-01 -0.150577E+00
     473  0.271773E+01  0.732438E+01 -0.412092E-01 -0.131313E+00
     474  0.265225E+01  0.729242E+01 -0.468404E-01 -0.985408E-01
     475  0.263419E+01  0.721751E+01 -0.443539E-01 -0.735813E-01
     476  0.264141E+01  0.709257E+01 -0.679639E-01 -0.905467E-01
     477  0.265672E+01  0.697683E+01 -0.692785E-01 -0.104008E+00
     478  0.267345E+01  0.683501E+01 -0.375850E-01 -0.140651E+00
     479  0.269775E+01  0.675058E+01 -0.121651E-01 -0.106174E+00
     480  0.273775E+01  0.673303E+01  0.188988E-01  0.750430E-03
     481  0.278900E+01  0.674917E+01  0.618012E-01  0.141650E+00
     482  0.284816E+01  0.669751E+01  0.105764E+00  0.198896E+00
     483  0.289612E+01  0.665763E+01  0.105980E+00  0.238697E+00
     484  0.293547E+01  0.666082E+01  0.622198E-01  0.257612E+00
     485  0.297619E+01  0.671996E+01  0.203726E-01  0.277297E+00
     486  0.304409E+01  0.675678E+01  0.157452E-01  0.243418E+00
     487  0.311914E+01  0.680264E+01  0.379052E-01  0.198743E+00
     488  0.316604E+01  0.686320E+01  0.565483E-01  0.154461E+00
     489  0.319664E+01  0.700438E+01  0.646768E-01  0.189687E+00
     490  0.323450E+01  0.709926E+01  0.522961E-01  0.193903E+00
     491  0.330786E+01  0.710370E+01  0.438991E-01  0.155465E+00
     492  0.337236E+01  0.708055E+01  0.404143E-01  0.812607E-01
     493  0.337910E+01  0.713794E+01  0.659577E-01  0.283468E-01
     494  0.335283E+01  0.717323E+01  0.213409E-01 -0.311442E-01
     495  0.333684E+01  0.721151E+01 -0.380118E-01 -0.792196E-01
     496  0.334922E+01  0.729510E+01 -0.170431E-02 -0.930634E-01
     497  0.339095E+01  0.741713E+01  0.404809E-01 -0.713098E-01
     498  0.344151E+01  0.746304E+01  0.267824E-01 -0.105342E+00
     499  0.348610E+01  0.750906E+01 -0.980106E-04 -0.130245E+00
     500  0.352585E+01  0.755883E+01 -0.459399E-01 -0.106499E+00
     501  0.357972E+01  0.755316E+01 -0.798821E-01 -0.111898E+00
     502  0.363676E+01  0.745008E+01 -0.109517E+00 -0.201758E+00
     503  0.367911E+01  0.734135E+01 -0.135040E+00 -0.270924E+00
     504  0.370013E+01  0.722926E+01 -0.940631E-01 -0.284056E+00
     505  0.370984E+01  0.712437E+01 -0.560601E-01 -0.292405E+00
     506  0.374102E+01  0.705770E+01 -0.662677E-01 -0.248512E+00
     507  0.377394E+01  0.706297E+01 -0.366683E-01 -0.119078E+00
     508  0.380386E+01  0.701606E+01 -0.610679E-02 -0.420233E-01
     509  0.384276E+01  0.689468E+01  0.164845E-01 -0.390305E-01
     510  0.388689E+01  0.681127E+01  0.480760E-01 -0.126629E-02
     511  0.391154E+01  0.678601E+01  0.507664E-01  0.961954E-01
     512  0.392218E+01  0.666204E+01  0.295321E-01  0.808532E-01
     513  0.392961E+01  0.651084E+01  0.948512E-02  0.259534E-01
     514  0.395961E+01  0.639410E+01  0.268200E-01  0.113638E-01
     515  0.400500E+01  0.633333E+01  0.861983E-01  0.480274E-01
     516  0.404364E+01  0.629094E+01  0.139110E+00  0.108512E+00
     517  0.403228E+01  0.632746E+01  0.108418E+00  0.240892E+00
     518  0.402829E+01  0.632571E+01  0.324519E-01  0.282934E+00
     519  0.407781E+01  0.631458E+01 -0.380756E-02  0.251882E+00
     520  0.416759E+01  0.634293E+01  0.742305E-02  0.226454E+00
     521  0.426648E+01  0.639902E+01  0.296783E-01  0.222909E+00
     522  0.435267E+01  0.641006E+01  0.488474E-01  0.148851E+00
     523  0.437778E+01  0.650592E+01  0.656192E-01  0.119594E+00
     524  0.437550E+01  0.662578E+01  0.735145E-01  0.116410E+00
     525  0.440101E+01  0.669592E+01  0.889877E-01  0.811553E-01
     526  0.444705E+01  0.675978E+01  0.131648E+00  0.406538E-01
     527  0.446436E+01  0.690294E+01  0.134257E+00  0.814769E-01
     528  0.444227E+01  0.699691E+01  0.727509E-01  0.879487E-01
     529  0.437340E+01  0.706711E+01 -0.147318E-01  0.556573E-01
     530  0.429813E+01  0.716718E+01 -0.683678E-01  0.481752E-01
     531  0.429159E+01  0.728102E+01 -0.312305E-01  0.554193E-01
     532  0.431867E+01  0.732413E+01  0.380547E-01 -0.123556E-01
     533  0.427860E+01  0.740734E+01  0.108033E-01 -0.505298E-01
     534  0.421536E+01  0.749263E+01 -0.763256E-01 -0.861351E-01
     535  0.418018E+01  0.755393E+01 -0.122811E+00 -0.137306E+00
     536  0.413329E+01  0.759888E+01 -0.128952E+00 -0.194638E+00
     537  0.401561E+01  0.767604E+01 -0.169186E+00 -0.171810E+00
     538  0.386873E+01  0.767156E+01 -0.229178E+00 -0.184344E+00
     539  0.374795E+01  0.761420E+01 -0.262506E+00 -0.237517E+00
     540  0.367111E+01  0.757404E+01 -0.251097E+00 -0.270807E+00
     541  0.361463E+01  0.758399E+01 -0.221016E+00 -0.241810E+00
     542  0.354623E+01  0.750127E+01 -0.218765E+00 -0.271750E+00
     543  0.350091E+01  0.737261E+01 -0.258110E+00 -0.300749E+00
     544  0.349702E+01  0.729589E+01 -0.242454E+00 -0.258447E+00
     545  0.353925E+01  0.729797E+01 -0.182555E+00 -0.148056E+00
     546  0.363323E+01  0.722371E+01 -0.131107E+00 -0.139694E+00
     547  0.373914E+01  0.709094E+01 -0.373506E-01 -0.171880E+00
     548  0.379842E+01  0.695927E+01  0.126540E-01 -0.184649E+00
     549  0.384638E+01  0.687438E+01  0.275889E-01 -0.153349E+00
     550  0.389388E+01  0.682113E+01  0.585033E-01 -0.837463E-01
     551  0.392602E+01  0.681424E+01  0.779706E-01  0.330103E-01
     552  0.392369E+01  0.673978E+01  0.678573E-01  0.893888E-01
     553  0.390622E+01  0.657557E+01  0.529892E-01  0.392944E-01
     554  0.387427E+01  0.644984E+01  0.517397E-01  0.580648E-02
     555  0.385164E+01  0.641827E+01  0.717806E-01  0.758566E-01
     556  0.385789E+01  0.640111E+01  0.912897E-01  0.174752E+00
     557  0.386412E+01  0.641036E+01  0.114807E+00  0.285548E+00
     558  0.382945E+01  0.636681E+01  0.119248E+00  0.329914E+00
     559  0.377336E+01  0.626046E+01  0.115049E+00  0.296288E+00
     560  0.369540E+01  0.624140E+01  0.106576E+00  0.291354E+00
     561  0.360771E+01  0.640574E+01  0.817190E-01  0.384124E+00
     562  0.351209E+01  0.655713E+01  0.389580E-01  0.435931E+00
     563  0.341844E+01  0.664668E+01 -0.836803E-02  0.419485E+00
     564  0.333792E+01  0.671085E+01 -0.415897E-01  0.378578E+00
     565  0.326524E+01  0.674970E+01 -0.514304E-01  0.330533E+00
     566  0.317078E+01  0.676678E+01 -0.735664E-01  0.278513E+00
     567  0.306122E+01  0.683699E+01 -0.108498E+00  0.283949E+00
     568  0.297562E+01  0.684524E+01 -0.111511E+00  0.252162E+00
     569  0.291632E+01  0.678315E+01 -0.852243E-01  0.162957E+00
     570  0.287757E+01  0.678843E+01 -0.514708E-01  0.119465E+00
     571  0.285687E+01  0.687024E+01 -0.847412E-01  0.109988E+00
     572  0.284929E+01  0.693932E+01 -0.125159E+00  0.852381E-01
     573  0.284759E+01  0.707396E+01 -0.879438E-01  0.108829E+00
     574  0.284828E+01  0.725156E+01 -0.635948E-01  0.167152E+00
     575  0.283689E+01  0.731663E+01 -0.231546E-01  0.133472E+00
     576  0.281719E+01  0.728329E+01  0.355684E-01  0.450307E-01
     577  0.280484E+01  0.728095E+01  0.104854E+00  0.524564E-03
     578  0.279372E+01  0.726111E+01  0.146212E+00 -0.892484E-01
     579  0.278483E+01  0.723334E+01  0.133926E+00 -0.224022E+00
     580  0.277757E+01  0.734105E+01  0.102441E+00 -0.214054E+00
     581  0.275100E+01  0.756316E+01  0.864589E-01 -0.941149E-01
     582  0.267469E+01  0.771043E+01  0.379343E-01 -0.444175E-01
     583  0.260192E+01  0.772940E+01 -0.209756E-01 -0.128724E+00
     584  0.258598E+01  0.777701E+01 -0.110807E-01 -0.179018E+00
     585  0.261275E+01  0.784599E+01  0.759406E-01 -0.166928E+00
     586  0.258673E+01  0.780688E+01  0.118886E+00 -0.197020E+00
     587  0.248330E+01  0.765352E+01  0.794448E-01 -0.293089E+00
     588  0.239177E+01  0.755065E+01  0.361843E-01 -0.295963E+00
     589  0.235349E+01  0.744496E+01  0.340827E-01 -0.287731E+00
     590  0.228348E+01  0.728528E+01  0.984253E-02 -0.340500E+00
     591  0.218670E+01  0.717521E+01 -0.385196E-01 -0.346138E+00
     592  0.210851E+01  0.719006E+01 -0.689553E-01 -0.226534E+00
     593  0.209300E+01  0.712946E+01 -0.299784E-01 -0.189212E+00
     594  0.211181E+01  0.698170E+01  0.595219E-01 -0.263568E+00
     595  0.212302E+01  0.691960E+01  0.141967E+00 -0.254947E+00
     596  0.207904E+01  0.697304E+01  0.141528E+00 -0.945469E-01
     597  0.202992E+01  0.692790E+01  0.949102E-01 -0.142657E-01
     598  0.207542E+01  0.683285E+01  0.118541E+00  0.104114E-01
     599  0.216442E+01  0.675922E+01  0.169292E+00  0.276744E-01
     600  0.218516E+01  0.666027E+01  0.122737E+00 -0.146331E-01
     601  0.216209E+01  0.655051E+01  0.135767E-01 -0.103285E+00
     602  0.216696E+01  0.657422E+01 -0.675208E-01 -0.619441E-01
     603  0.221277E+01  0.662171E+01 -0.104507E+00  0.250373E-01
     604  0.228203E+01  0.660813E+01 -0.101893E+00  0.719726E-01
     605  0.235853E+01  0.658498E+01 -0.425135E-01  0.146583E+00
     606  0.242270E+01  0.656537E+01  0.277992E-01  0.231968E+00
     607  0.248047E+01  0.647258E+01  0.484577E-01  0.226674E+00
     608  0.256718E+01  0.647602E+01  0.694839E-01  0.254870E+00
     609  0.263539E+01  0.655418E+01  0.617307E-01  0.290602E+00
     610  0.267288E+01  0.659087E+01  0.359080E-01  0.243357E+00
     611  0.266490E+01  0.664006E+01  0.179640E-01  0.171141E+00
     612  0.264552E+01  0.680545E+01  0.174791E-01  0.221679E+00
     613  0.263388E+01  0.692021E+01  0.124002E-02  0.236153E+00
     614  0.264680E+01  0.696278E+01  0.412438E-01  0.178923E+00
     615  0.267851E+01  0.706247E+01  0.851209E-01  0.171012E+00
     616  0.270509E+01  0.716686E+01  0.946725E-01  0.181461E+00
     617  0.269809E+01  0.716175E+01  0.624889E-01  0.658771E-01
     618  0.268007E+01  0.718010E+01  0.284030E-01 -0.370989E-01
     619  0.265059E+01  0.724318E+01  0.137807E-01 -0.841006E-01
     620  0.262243E+01  0.729641E+01 -0.238197E-01 -0.129483E+00
     621  0.263172E+01  0.737415E+01 -0.699161E-01 -0.136227E+00
     622  0.270786E+01  0.754249E+01  0.252993E-01 -0.676991E-01
     623  0.279750E+01  0.765748E+01  0.100714E+00 -0.536402E-01
     624  0.287459E+01  0.766906E+01  0.135143E+00 -0.139433E+00
     625  0.292056E+01  0.769186E+01  0.177283E+00 -0.220216E+00
     626  0.296410E+01  0.779499E+01  0.183219E+00 -0.203116E+00
     627  0.301319E+01  0.780643E+01  0.159631E+00 -0.221607E+00
     628  0.306066E+01  0.773437E+01  0.122810E+00 -0.296441E+00
     629  0.308900E+01  0.769449E+01  0.751123E-01 -0.321562E+00
     630  0.310201E+01  0.770121E+01  0.111356E-01 -0.277328E+00
     631  0.313079E+01  0.762475E+01 -0.410842E-01 -0.299240E+00
     632  0.319386E+01  0.754010E+01 -0.437246E-01 -0.326202E+00
     633  0.328179E+01  0.751471E+01 -0.234869E-01 -0.282522E+00
     634  0.338176E+01  0.750444E+01  0.132506E-02 -0.227866E+00
     635  0.347747E+01  0.741299E+01  0.374873E-01 -0.246742E+00
     636  0.352845E+01  0.734290E+01  0.841441E-01 -0.213367E+00
     637  0.349937E+01  0.731036E+01  0.753334E-01 -0.145968E+00
     638  0.345520E+01  0.720687E+01  0.503750E-01 -0.147310E+00
     639  0.340760E+01  0.705849E+01  0.590648E-01 -0.199312E+00
     640  0.333113E+01  0.700420E+01  0.193724E-01 -0.141751E+00
     641  0.324955E+01  0.696271E+01 -0.551818E-01 -0.582919E-01
     642  0.318291E+01  0.687731E+01 -0.996741E-01 -0.226266E-01
     643  0.314465E+01  0.685164E+01 -0.113308E+00  0.662373E-01
     644  0.314827E+01  0.687283E+01 -0.955330E-01  0.191547E+00
     645  0.319306E+01  0.673351E+01 -0.628088E-01  0.155286E+00
     646  0.324209E+01  0.660011E+01 -0.183999E-01  0.126075E+00
     647  0.324007E+01  0.657929E+01  0.120709E-01  0.207789E+00
     648  0.321128E+01  0.651008E+01  0.214102E-01  0.246373E+00
     649  0.318542E+01  0.640214E+01 -0.146967E-02  0.241921E+00
     650  0.318944E+01  0.643390E+01 -0.968678E-02  0.376752E+00
     651  0.320640E+01  0.644208E+01  0.426773E-01  0.472978E+00
     652  0.316977E+01  0.644830E+01  0.754634E-01  0.486264E+00
     653  0.306759E+01  0.652354E+01  0.201586E-01  0.469593E+00
     654  0.293916E+01  0.656011E+01 -0.570191E-01  0.405254E+00
     655  0.285292E+01  0.657330E+01 -0.941425E-01  0.314700E+00
     656  0.281637E+01  0.669841E+01 -0.782115E-01  0.339461E+00
     657  0.278155E+01  0.675345E+01 -0.542448E-01  0.301844E+00
     658  0.268887E+01  0.674065E+01 -0.725746E-01  0.226788E+00
     659  0.255075E+01  0.678882E+01 -0.122761E+00  0.265057E+00
     660  0.243886E+01  0.680187E+01 -0.154218E+00  0.251213E+00
     661  0.240039E+01  0.672351E+01 -0.180307E+00  0.647513E-01
     662  0.242461E+01  0.674384E+01 -0.988811E-01 -0.463997E-02
     663  0.244248E+01  0.685944E+01  0.173634E-02  0.737220E-01
     664  0.238895E+01  0.688326E+01  0.351913E-01  0.906408E-01
     665  0.231202E+01  0.685679E+01  0.227418E-01  0.252665E-01
     666  0.231354E+01  0.693924E+01 -0.993706E-02  0.231187E-02
     667  0.236056E+01  0.706516E+01  0.887402E-01  0.439662E-01
     668  0.242381E+01  0.717805E+01  0.130997E+00  0.476429E-01
     669  0.248288E+01  0.731631E+01  0.205166E+00  0.662133E-01
     670  0.247970E+01  0.739936E+01  0.213158E+00  0.266402E-01
     671  0.241915E+01  0.737402E+01  0.125057E+00 -0.114066E+00
     672  0.237772E+01  0.737650E+01  0.374362E-01 -0.214974E+00
     673  0.241108E+01  0.749291E+01  0.289630E-01 -0.184730E+00
     674  0.244969E+01  0.761294E+01  0.102698E+00 -0.142619E+00
     675  0.240049E+01  0.768216E+01  0.100113E+00 -0.150274E+00
     676  0.235821E+01  0.776960E+01  0.225938E-01 -0.151783E+00
     677  0.241125E+01  0.786628E+01  0.442390E-01 -0.144411E+00
     678  0.247465E+01  0.788628E+01  0.154152E+00 -0.207970E+00
     679  0.249907E+01  0.790321E+01  0.203769E+00 -0.284013E+00
     680  0.252339E+01  0.799040E+01  0.176901E+00 -0.271173E+00
     681  0.257656E+01  0.802120E+01  0.157979E+00 -0.251531E+00
     682  0.265592E+01  0.790834E+01  0.157593E+00 -0.332527E+00
     683  0.274030E+01  0.780346E+01  0.157335E+00 -0.405151E+00
     684  0.281342E+01  0.782348E+01  0.144718E+00 -0.357196E+00
     685  0.286525E+01  0.782893E+01  0.120293E+00 -0.294887E+00
     686  0.290885E+01  0.767916E+01  0.120098E+00 -0.336427E+00
     687  0.293488E+01  0.750512E+01  0.141832E+00 -0.385083E+00
     688  0.291133E+01  0.745882E+01  0.187561E+00 -0.356601E+00
     689  0.283946E+01  0.741728E+01  0.146928E+00 -0.288333E+00
     690  0.274703E+01  0.730524E+01  0.570062E-01 -0.275783E+00
     691  0.269790E+01  0.727086E+01  0.933342E-02 -0.185989E+00
     692  0.269329E+01  0.723759E+01  0.188286E-01 -0.999581E-01
     693  0.264391E+01  0.705240E+01  0.267737E-01 -0.191260E+00
     694  0.255903E+01  0.687373E+01 -0.532209E-01 -0.262820E+00
     695  0.251935E+01  0.692553E+01 -0.961131E-01 -0.998221E-01
     696  0.252284E+01  0.697872E+01 -0.468917E-01  0.604319E-01
     697  0.257571E+01  0.685176E+01  0.200851E-01  0.579749E-01
     698  0.265931E+01  0.675789E+01  0.602413E-01  0.686451E-01
     699  0.268288E+01  0.669274E+01  0.732067E-01  0.105037E+00
     700  0.263590E+01  0.652134E+01  0.635787E-02  0.266713E-01
     701  0.257144E+01  0.650713E+01 -0.434043E-01  0.114000E+00
     702  0.253881E+01  0.656807E+01 -0.450455E-01  0.275812E+00
     703  0.252329E+01  0.642234E+01 -0.576475E-01  0.233226E+00
     704  0.250424E+01  0.626884E+01 -0.406552E-01  0.170363E+00
     705  0.245828E+01  0.630108E+01 -0.325194E-01  0.280244E+00
     706  0.234117E+01  0.625477E+01 -0.723399E-01  0.287332E+00
     707  0.222684E+01  0.622083E+01 -0.998069E-01  0.240983E+00
     708  0.215224E+01  0.629482E+01 -0.899697E-01  0.281535E+00
     709  0.207081E+01  0.629644E+01 -0.889419E-01  0.242255E+00
     710  0.195220E+01  0.624027E+01 -0.122705E+00  0.154914E+00
     711  0.183605E+01  0.628471E+01 -0.152510E+00  0.178023E+00
     712  0.172231E+01  0.630923E+01 -0.189171E+00  0.162255E+00
     713  0.164423E+01  0.628290E+01 -0.247227E+00  0.416649E-01
     714  0.166502E+01  0.640479E+01 -0.219196E+00  0.409152E-01
     715  0.171328E+01  0.661807E+01 -0.151947E+00  0.128454E+00
     716  0.170877E+01  0.673121E+01 -0.157267E+00  0.115916E+00
     717  0.167122E+01  0.680112E+01 -0.161218E+00  0.726953E-01
     718  0.165379E+01  0.691445E+01 -0.108698E+00  0.112076E+00
     719  0.163940E+01  0.693668E+01 -0.409597E-01  0.893916E-01
     720  0.161563E+01  0.689287E+01  0.174611E-01  0.231562E-02
     721  0.160383E+01  0.699141E+01  0.870910E-01  0.557083E-01
     722  0.153664E+01  0.706928E+01  0.955097E-01  0.881157E-01
     723  0.147459E+01  0.700707E+01  0.809313E-01 -0.501038E-01
     724  0.150427E+01  0.697161E+01  0.105041E+00 -0.187530E+00
     725  0.156766E+01  0.705151E+01  0.135717E+00 -0.201581E+00
     726  0.160300E+01  0.712520E+01  0.108755E+00 -0.181147E+00
     727  0.160745E+01  0.714579E+01  0.391974E-01 -0.156955E+00
     728  0.163288E+01  0.716728E+01 -0.350330E-02 -0.995536E-01
     729  0.165113E+01  0.712643E+01 -0.146952E-01 -0.555475E-01
     730  0.155640E+01  0.699133E+01 -0.370460E-01 -0.138227E+00
     731  0.140858E+01  0.693736E+01 -0.117714E+00 -0.156024E+00
     732  0.144058E+01  0.703292E+01 -0.431031E-01  0.373176E-01
     733  0.141809E+01  0.705525E+01  0.185262E-01  0.947051E-01
     734  0.124289E+01  0.693798E+01 -0.686743E-01 -0.214344E-01
     735  0.109118E+01  0.681414E+01 -0.133193E+00 -0.155270E+00
     736  0.105834E+01  0.671938E+01 -0.781715E-01 -0.250080E+00
     737  0.104744E+01  0.662748E+01 -0.300321E-02 -0.323426E+00
     738  0.962675E+00  0.660062E+01 -0.767106E-02 -0.299168E+00
     739  0.821101E+00  0.664244E+01 -0.882635E-01 -0.168400E+00
     740  0.763732E+00  0.664921E+01 -0.820717E-01 -0.744855E-01
     741  0.769093E+00  0.655336E+01 -0.151153E-01 -0.101451E+00
     742  0.801417E+00  0.647738E+01  0.300284E-01 -0.816299E-01
     743  0.845390E+00  0.650137E+01  0.483065E-02  0.160210E-01
     744  0.839288E+00  0.646261E+01 -0.556178E-01  0.506136E-01
     745  0.862669E+00  0.632310E+01 -0.833812E-01 -0.146457E-01
     746  0.935361E+00  0.622396E+01 -0.709503E-01 -0.565866E-01
     747  0.100126E+01  0.611838E+01 -0.784197E-01 -0.106049E+00
     748  0.103555E+01  0.596864E+01 -0.662663E-01 -0.159680E+00
     749  0.105790E+01  0.588294E+01 -0.163048E-01 -0.146926E+00
     750  0.109387E+01  0.588232E+01  0.451822E-01 -0.495026E-01
     751  0.113418E+01  0.581054E+01  0.929420E-01 -0.157124E-01
     752  0.115658E+01  0.568782E+01  0.117251E+00 -0.297648E-01
     753  0.116060E+01  0.562288E+01  0.114057E+00  0.278014E-01
     754  0.112399E+01  0.556935E+01  0.207685E-01  0.647060E-01
     755  0.109223E+01  0.548105E+01 -0.829008E-01  0.232856E-01
     756  0.110035E+01  0.544811E+01 -0.136875E+00  0.449895E-01
     757  0.110905E+01  0.540119E+01 -0.173834E+00  0.783985E-01
     758  0.108504E+01  0.531771E+01 -0.263220E+00  0.724229E-01
     759  0.107410E+01  0.529566E+01 -0.359413E+00  0.744499E-01
     760  0.114417E+01  0.545225E+01 -0.371975E+00  0.233520E+00
     761  0.126117E+01  0.558719E+01 -0.321736E+00  0.334257E+00
     762  0.138160E+01  0.565255E+01 -0.206146E+00  0.287841E+00
     763  0.149297E+01  0.570875E+01 -0.123871E+00  0.226781E+00
     764  0.157146E+01  0.582688E+01 -0.683284E-01  0.217555E+00
     765  0.161851E+01  0.595901E+01 -0.270096E-01  0.230563E+00
     766  0.167109E+01  0.612448E+01  0.157465E-01  0.293287E+00
     767  0.177153E+01  0.625530E+01  0.786582E-01  0.331129E+00
     768  0.189407E+01  0.627683E+01  0.130412E+00  0.280147E+00
     769  0.198771E+01  0.621011E+01  0.139853E+00  0.179088E+00
     770  0.206084E+01  0.622992E+01  0.125749E+00  0.182462E+00
     771  0.210968E+01  0.628944E+01  0.101761E+00  0.214977E+00
     772  0.211590E+01  0.635810E+01  0.899987E-01  0.189995E+00
     773  0.207505E+01  0.647983E+01  0.105157E+00  0.217433E+00
     774  0.201407E+01  0.660357E+01  0.495050E-01  0.217179E+00
     775  0.196033E+01  0.662241E+01  0.122282E-01  0.112865E+00
     776  0.192778E+01  0.666717E+01 -0.134221E-01  0.331864E-01
     777  0.191833E+01  0.683707E+01 -0.160583E-01  0.825926E-01
     778  0.192216E+01  0.701712E+01 -0.823430E-04  0.142061E+00
     779  0.196522E+01  0.708479E+01  0.546912E-01  0.982864E-01
