       1      0.071593      0.200000      0.001735
       2      0.061474      0.200000      0.001129
       3      0.061246      0.200000      0.001987
       4      0.065469      0.200000      0.000820
       5      0.050591      0.200000      0.015654
       6      0.059644      0.200000      0.002090
       7      0.067664      0.200000      0.001822
       8      0.082816      0.200000      0.002030
       9      0.086716      0.200000      0.006174
      10      0.070626      0.200000      0.006005
      11      0.062869      0.200000      0.001389
      12      0.068181      0.200000      0.003478
      13      0.076694      0.200000      0.001048
      14      0.073974      0.200000      0.001890
      15      0.060830      0.200000      0.003380
      16      0.066196      0.200000      0.000802
      17      0.075250      0.200000      0.000830
      18      0.061732      0.200000      0.001008
      19      0.050370      0.200000      0.002897
      20      0.054489      0.200000      0.001039
      21      0.049973      0.200000      0.003035
      22      0.075122      0.200000      0.005530
      23      0.086513      0.200000      0.008790
      24      0.083233      0.200000      0.007106
      25      0.081107      0.200000      0.004988
      26      0.082541      0.200000      0.003411
      27      0.081332      0.200000      0.003355
      28      0.070004      0.200000      0.002451
      29      0.060666      0.200000      0.006516
      30      0.068819      0.200000      0.000877
      31      0.064566      0.200000      0.006992
      32      0.062414      0.200000      0.003779
      33      0.067068      0.200000      0.003005
      34      0.086908      0.200000      0.010482
      35      0.087221      0.200000      0.008654
      36      0.085821      0.200000      0.009192
      37      0.086291      0.200000      0.009021
      38      0.086967      0.200000      0.002558
      39      0.085451      0.200000      0.008000
      40      0.078455      0.200000      0.000838
      41      0.074617      0.200000      0.008572
      42      0.068297      0.200000      0.001297
      43      0.055439      0.200000      0.001953
      44      0.057999      0.200000      0.001244
      45      0.054071      0.200000      0.001873
      46      0.061315      0.200000      0.004259
      47      0.068255      0.200000      0.001946
      48      0.080356      0.200000      0.001327
      49      0.086178      0.200000      0.003385
      50      0.087173      0.200000      0.008430
      51      0.087193      0.200000      0.005651
      52      0.084933      0.200000      0.009739
      53      0.071195      0.200000      0.004604
      54      0.074944      0.200000      0.003113
      55      0.083517      0.200000      0.001381
      56      0.086870      0.200000      0.008741
      57      0.086739      0.200000      0.006338
      58      0.086846      0.200000      0.004725
      59      0.072165      0.200000      0.002641
      60      0.063488      0.200000      0.001434
      61      0.063146      0.200000      0.000938
      62      0.071562      0.200000      0.000814
      63      0.061026      0.200000      0.003363
      64      0.052008      0.200000      0.008165
      65      0.066306      0.200000      0.001077
      66      0.079622      0.200000      0.002961
      67      0.072143      0.200000      0.002672
      68      0.048209      0.200000      0.005364
      69      0.067537      0.200000      0.001636
      70      0.059470      0.200000      0.001874
      71      0.074239      0.200000      0.001206
      72      0.072352      0.200000      0.000919
      73      0.057296      0.200000      0.000842
      74      0.059268      0.200000      0.001915
      75      0.068703      0.200000      0.003080
      76      0.070353      0.200000      0.003577
      77      0.071375      0.200000      0.012959
      78      0.081177      0.200000      0.006380
      79      0.086186      0.200000      0.004095
      80      0.086862      0.200000      0.012500
      81      0.082760      0.200000      0.009483
      82      0.070359      0.200000      0.002898
      83      0.063643      0.200000      0.000926
      84      0.062971      0.200000      0.003385
      85      0.064923      0.200000      0.000970
      86      0.073938      0.200000      0.001538
      87      0.084292      0.200000      0.000865
      88      0.064829      0.200000      0.001914
      89      0.059668      0.200000      0.002055
      90      0.058657      0.200000      0.001008
      91      0.052787      0.200000      0.001351
      92      0.055167      0.200000      0.002184
      93      0.070309      0.200000      0.002153
      94      0.061646      0.200000      0.003049
      95      0.061869      0.200000      0.001502
      96      0.058363      0.200000      0.001053
      97      0.051685      0.200000      0.002915
      98      0.055019      0.200000      0.001615
      99      0.065996      0.200000      0.001320
     100      0.067453      0.200000      0.001343
     101      0.069395      0.200000      0.001775
     102      0.066541      0.200000      0.003932
     103      0.076277      0.200000      0.011368
     104      0.087506      0.200000      0.007434
     105      0.087628      0.200000      0.013812
     106      0.084910      0.200000      0.006321
     107      0.076473      0.200000      0.001549
     108      0.082677      0.200000      0.002436
     109      0.086790      0.200000      0.008578
     110      0.086108      0.200000      0.010074
     111      0.084028      0.200000      0.006847
     112      0.077822      0.200000      0.003329
     113      0.060500      0.200000      0.003176
     114      0.064873      0.200000      0.001701
     115      0.061882      0.200000      0.001331
     116      0.056239      0.200000      0.001403
     117      0.052011      0.200000      0.003105
     118      0.079137      0.200000      0.003538
     119      0.072578      0.200000      0.001275
     120      0.051230      0.200000      0.002396
     121      0.067346      0.200000      0.001235
     122      0.063031      0.200000      0.001019
     123      0.064310      0.200000      0.001073
     124      0.076347      0.200000      0.001150
     125      0.083684      0.200000      0.001630
     126      0.079179      0.200000      0.001469
     127      0.061527      0.200000      0.001017
     128      0.050024      0.200000      0.004518
     129      0.052248      0.200000      0.001859
     130      0.058957      0.200000      0.002529
     131      0.070646      0.200000      0.008607
     132      0.050591      0.200000      0.001834
     133      0.050328      0.200000      0.000955
     134      0.052107      0.200000      0.004370
     135      0.065266      0.200000      0.003537
     136      0.073537      0.200000      0.001670
     137      0.086025      0.200000      0.009641
     138      0.086717      0.200000      0.006101
     139      0.089591      0.200000      0.007464
     140      0.089203      0.200000      0.008940
     141      0.074299      0.200000      0.002686
     142      0.051813      0.200000      0.001267
     143      0.060653      0.200000      0.000951
     144      0.059167      0.200000      0.003390
     145      0.050919      0.200000      0.001393
     146      0.062957      0.200000      0.002375
     147      0.071368      0.200000      0.002699
     148      0.065818      0.200000      0.003740
     149      0.082839      0.200000      0.004737
     150      0.085486      0.200000      0.003484
     151      0.074347      0.200000      0.008227
     152      0.075932      0.200000      0.005422
     153      0.063974      0.200000      0.001157
     154      0.057075      0.200000      0.007283
     155      0.051066      0.200000      0.005146
     156      0.060237      0.200000      0.001933
     157      0.085686      0.200000      0.001456
     158      0.081888      0.200000      0.005779
     159      0.083541      0.200000      0.006063
     160      0.081252      0.200000      0.006774
     161      0.063565      0.200000      0.004424
     162      0.068397      0.200000      0.003322
     163      0.069680      0.200000      0.001666
     164      0.061473      0.200000      0.002576
     165      0.061620      0.200000      0.002314
     166      0.065753      0.200000      0.002701
     167      0.072513      0.200000      0.002204
     168      0.071985      0.200000      0.001153
     169      0.050396      0.200000      0.008172
     170      0.053916      0.200000      0.000842
     171      0.054453      0.200000      0.001723
     172      0.051039      0.200000      0.002638
     173      0.061545      0.200000      0.000938
     174      0.055388      0.200000      0.002602
     175      0.066797      0.200000      0.011939
     176      0.061972      0.200000      0.001444
     177      0.076757      0.200000      0.002002
     178      0.066137      0.200000      0.002140
     179      0.063339      0.200000      0.001033
     180      0.067821      0.200000      0.000960
     181      0.073618      0.200000      0.000965
     182      0.049495      0.200000      0.004550
     183      0.069260      0.200000      0.001738
     184      0.061856      0.200000      0.001559
     185      0.068151      0.200000      0.000915
     186      0.068521      0.200000      0.001577
     187      0.067360      0.200000      0.003515
     188      0.051777      0.200000      0.003508
     189      0.048583      0.200000      0.002340
     190      0.059661      0.200000      0.000855
     191      0.056735      0.200000      0.002493
     192      0.051458      0.200000      0.002931
     193      0.051816      0.200000      0.004334
     194      0.054848      0.200000      0.002311
     195      0.053699      0.200000      0.001602
     196      0.049486      0.200000      0.001978
     197      0.055137      0.200000      0.001214
     198      0.051838      0.200000      0.000841
     199      0.050813      0.200000      0.002648
     200      0.055834      0.200000      0.000920
     201      0.075528      0.200000      0.001787
     202      0.076259      0.200000      0.004293
     203      0.074045      0.200000      0.006221
     204      0.072878      0.200000      0.006077
     205      0.068544      0.200000      0.003646
     206      0.060413      0.200000      0.010419
     207      0.069485      0.200000      0.006285
     208      0.075436      0.200000      0.007395
     209      0.079126      0.200000      0.005176
     210      0.083331      0.200000      0.004235
     211      0.087058      0.200000      0.010658
     212      0.075359      0.200000      0.015794
     213      0.083247      0.200000      0.005913
     214      0.088200      0.200000      0.008047
     215      0.083463      0.200000      0.006072
     216      0.079311      0.200000      0.002460
     217      0.059065      0.200000      0.000986
     218      0.052474      0.200000      0.001693
     219      0.051124      0.200000      0.001498
     220      0.076694      0.200000      0.002264
     221      0.085796      0.200000      0.006014
     222      0.087355      0.200000      0.009175
     223      0.088126      0.200000      0.010033
     224      0.088044      0.200000      0.010163
     225      0.087298      0.200000      0.014502
     226      0.087096      0.200000      0.015973
     227      0.087407      0.200000      0.015220
     228      0.087223      0.200000      0.009043
     229      0.083194      0.200000      0.010206
     230      0.072464      0.200000      0.001878
     231      0.083058      0.200000      0.001097
     232      0.073312      0.200000      0.001486
     233      0.054945      0.200000      0.000803
     234      0.052674      0.200000      0.002107
     235      0.051760      0.200000      0.001528
     236      0.052231      0.200000      0.002911
     237      0.068633      0.200000      0.004721
     238      0.083500      0.200000      0.000813
     239      0.064830      0.200000      0.002813
     240      0.050146      0.200000      0.001860
     241      0.054390      0.200000      0.001841
     242      0.076489      0.200000      0.005100
     243      0.087554      0.200000      0.009884
     244      0.087621      0.200000      0.010593
     245      0.087571      0.200000      0.010640
     246      0.087227      0.200000      0.009915
     247      0.085463      0.200000      0.014150
     248      0.086226      0.200000      0.011420
     249      0.087839      0.200000      0.010647
     250      0.087824      0.200000      0.009749
     251      0.087459      0.200000      0.008220
     252      0.071575      0.200000      0.007647
     253      0.079531      0.200000      0.005992
     254      0.083696      0.200000      0.005542
     255      0.085081      0.200000      0.002197
     256      0.077381      0.200000      0.008184
     257      0.075135      0.200000      0.004837
     258      0.073534      0.200000      0.008038
     259      0.078492      0.200000      0.001367
     260      0.073648      0.200000      0.010043
     261      0.073295      0.200000      0.008657
     262      0.072199      0.200000      0.001858
     263      0.050373      0.200000      0.002649
     264      0.076635      0.200000      0.001225
     265      0.053965      0.200000      0.002900
     266      0.056514      0.200000      0.005695
     267      0.060970      0.200000      0.004078
     268      0.074572      0.200000      0.002021
     269      0.069582      0.200000      0.000821
     270      0.047788      0.200000      0.006050
     271      0.080914      0.200000      0.004587
     272      0.086097      0.200000      0.008293
     273      0.084458      0.200000      0.007878
     274      0.082690      0.200000      0.007218
     275      0.079932      0.200000      0.006450
     276      0.076014      0.200000      0.002207
     277      0.068910      0.200000      0.001776
     278      0.050958      0.200000      0.008692
     279      0.072655      0.200000      0.002216
     280      0.065716      0.200000      0.002360
     281      0.063124      0.200000      0.002852
     282      0.064857      0.200000      0.002012
     283      0.061861      0.200000      0.001194
     284      0.060635      0.200000      0.003828
     285      0.070173      0.200000      0.001543
     286      0.075933      0.200000      0.003001
     287      0.064901      0.200000      0.001886
     288      0.064092      0.200000      0.003577
     289      0.059263      0.200000      0.001455
     290      0.059918      0.200000      0.001287
     291      0.073836      0.200000      0.001384
     292      0.083456      0.200000      0.001728
     293      0.084128      0.200000      0.004171
     294      0.085142      0.200000      0.001064
     295      0.087162      0.200000      0.008867
     296      0.087176      0.200000      0.009488
     297      0.086731      0.200000      0.011273
     298      0.085820      0.200000      0.007280
     299      0.085364      0.200000      0.006518
     300      0.084014      0.200000      0.006635
     301      0.079486      0.200000      0.005435
     302      0.072487      0.200000      0.002890
     303      0.072225      0.200000      0.001081
     304      0.078925      0.200000      0.001476
     305      0.078569      0.200000      0.002545
     306      0.081145      0.200000      0.002904
     307      0.077027      0.200000      0.003781
     308      0.071026      0.200000      0.001732
     309      0.066944      0.200000      0.003546
     310      0.070254      0.200000      0.001046
     311      0.068245      0.200000      0.000918
     312      0.062229      0.200000      0.001284
     313      0.053070      0.200000      0.002623
     314      0.053750      0.200000      0.003308
     315      0.068291      0.200000      0.009135
     316      0.082124      0.200000      0.008587
     317      0.086795      0.200000      0.004974
     318      0.087264      0.200000      0.008707
     319      0.087269      0.200000      0.009288
     320      0.087592      0.200000      0.011779
     321      0.087568      0.200000      0.007874
     322      0.087555      0.200000      0.010683
     323      0.087473      0.200000      0.009147
     324      0.085448      0.200000      0.014674
     325      0.083166      0.200000      0.008395
     326      0.082542      0.200000      0.008336
     327      0.084048      0.200000      0.007582
     328      0.080729      0.200000      0.003262
     329      0.054443      0.200000      0.001484
     330      0.059733      0.200000      0.000839
     331      0.056250      0.200000      0.003368
     332      0.066303      0.200000      0.003874
     333      0.079697      0.200000      0.003975
     334      0.067472      0.200000      0.000813
     335      0.074984      0.200000      0.000863
     336      0.084466      0.200000      0.002383
     337      0.087640      0.200000      0.009840
     338      0.087801      0.200000      0.009443
     339      0.086717      0.200000      0.012647
     340      0.086094      0.200000      0.005555
     341      0.087092      0.200000      0.010027
     342      0.087272      0.200000      0.009268
     343      0.086836      0.200000      0.007044
     344      0.086952      0.200000      0.003030
     345      0.086531      0.200000      0.008248
     346      0.087098      0.200000      0.008847
     347      0.087009      0.200000      0.008377
     348      0.086158      0.200000      0.009539
     349      0.086185      0.200000      0.003746
     350      0.086689      0.200000      0.001089
     351      0.083149      0.200000      0.003136
     352      0.076950      0.200000      0.004351
     353      0.079829      0.200000      0.002622
     354      0.081889      0.200000      0.001936
     355      0.084035      0.200000      0.000848
     356      0.086151      0.200000      0.001649
     357      0.086725      0.200000      0.009367
     358      0.086537      0.200000      0.009618
     359      0.086695      0.200000      0.015600
     360      0.087297      0.200000      0.014938
     361      0.087408      0.200000      0.012478
     362      0.087223      0.200000      0.004990
     363      0.087147      0.200000      0.008455
     364      0.088233      0.200000      0.008156
     365      0.090771      0.200000      0.008055
     366      0.085982      0.200000      0.002106
     367      0.082758      0.200000      0.003621
     368      0.085762      0.200000      0.002001
     369      0.086669      0.200000      0.001484
     370      0.086237      0.200000      0.004723
     371      0.087092      0.200000      0.008129
     372      0.085719      0.200000      0.007669
     373      0.081752      0.200000      0.004208
     374      0.081377      0.200000      0.001477
     375      0.073191      0.200000      0.003495
     376      0.064838      0.200000      0.001186
     377      0.063977      0.200000      0.001688
     378      0.059847      0.200000      0.001341
     379      0.056848      0.200000      0.003468
     380      0.061736      0.200000      0.001086
     381      0.063987      0.200000      0.000805
     382      0.064649      0.200000      0.000918
     383      0.064520      0.200000      0.002371
     384      0.081889      0.200000      0.008841
     385      0.087491      0.200000      0.009093
     386      0.087448      0.200000      0.011208
     387      0.087019      0.200000      0.010378
     388      0.086618      0.200000      0.012524
     389      0.086370      0.200000      0.008860
     390      0.087129      0.200000      0.009554
     391      0.088106      0.200000      0.008473
     392      0.087151      0.200000      0.009072
     393      0.081895      0.200000      0.006197
     394      0.068518      0.200000      0.003081
     395      0.052786      0.200000      0.002775
     396      0.064126      0.200000      0.003815
     397      0.067193      0.200000      0.001818
     398      0.056800      0.200000      0.001802
     399      0.056962      0.200000      0.008190
     400      0.076955      0.200000      0.001384
     401      0.081318      0.200000      0.004464
     402      0.078052      0.200000      0.001241
     403      0.070130      0.200000      0.003448
     404      0.060527      0.200000      0.003890
     405      0.082531      0.200000      0.002366
     406      0.086685      0.200000      0.008641
     407      0.085685      0.200000      0.009247
     408      0.059698      0.200000      0.001704
     409      0.050634      0.200000      0.008093
     410      0.053346      0.200000      0.003100
     411      0.060926      0.200000      0.001531
     412      0.073371      0.200000      0.003506
     413      0.052646      0.200000      0.002840
     414      0.065999      0.200000      0.001278
     415      0.060238      0.200000      0.003456
     416      0.062423      0.200000      0.001140
     417      0.062551      0.200000      0.000914
     418      0.063769      0.200000      0.001669
     419      0.074571      0.200000      0.001574
     420      0.083122      0.200000      0.001018
     421      0.072416      0.200000      0.002553
     422      0.067759      0.200000      0.001049
     423      0.064855      0.200000      0.000822
     424      0.048803      0.200000      0.002958
     425      0.059508      0.200000      0.001550
     426      0.051590      0.200000      0.002283
     427      0.054224      0.200000      0.001544
     428      0.067126      0.200000      0.002943
     429      0.086504      0.200000      0.010290
     430      0.087597      0.200000      0.010293
     431      0.087398      0.200000      0.007084
     432      0.087287      0.200000      0.008726
     433      0.087426      0.200000      0.015172
     434      0.087241      0.200000      0.012815
     435      0.087289      0.200000      0.014340
     436      0.087510      0.200000      0.012240
     437      0.087691      0.200000      0.000999
     438      0.075876      0.200000      0.004246
     439      0.082786      0.200000      0.010646
     440      0.086924      0.200000      0.012563
     441      0.086432      0.200000      0.013035
     442      0.086831      0.200000      0.012168
     443      0.087189      0.200000      0.014047
     444      0.088031      0.200000      0.010800
     445      0.087648      0.200000      0.003932
     446      0.087493      0.200000      0.009355
     447      0.087592      0.200000      0.014165
     448      0.087859      0.200000      0.008350
     449      0.087875      0.200000      0.010671
     450      0.087594      0.200000      0.010423
     451      0.086909      0.200000      0.009643
     452      0.087084      0.200000      0.010075
     453      0.087276      0.200000      0.012100
     454      0.087538      0.200000      0.012334
     455      0.087568      0.200000      0.009550
     456      0.083108      0.200000      0.010569
     457      0.065089      0.200000      0.002153
     458      0.062132      0.200000      0.003631
     459      0.049441      0.200000      0.000930
     460      0.050300      0.200000      0.003386
     461      0.060249      0.200000      0.001093
     462      0.071947      0.200000      0.000942
     463      0.080671      0.200000      0.004472
     464      0.087071      0.200000      0.008378
     465      0.086201      0.200000      0.008464
     466      0.086655      0.200000      0.008632
     467      0.086982      0.200000      0.011848
     468      0.086231      0.200000      0.014725
     469      0.085870      0.200000      0.014999
     470      0.085153      0.200000      0.012020
     471      0.084902      0.200000      0.006989
     472      0.083252      0.200000      0.004661
     473      0.067792      0.200000      0.001805
     474      0.053255      0.200000      0.001247
     475      0.061416      0.200000      0.000801
     476      0.052986      0.200000      0.000967
     477      0.053857      0.200000      0.003393
     478      0.058507      0.200000      0.008559
     479      0.061875      0.200000      0.001561
     480      0.061938      0.200000      0.003512
     481      0.055685      0.200000      0.001691
     482      0.061771      0.200000      0.003894
     483      0.083473      0.200000      0.008483
     484      0.084821      0.200000      0.010942
     485      0.080429      0.200000      0.004703
     486      0.069143      0.200000      0.001764
     487      0.058807      0.200000      0.003553
     488      0.056760      0.200000      0.003911
     489      0.067182      0.200000      0.001866
     490      0.084431      0.200000      0.001436
     491      0.072476      0.200000      0.002994
     492      0.057427      0.200000      0.001655
     493      0.050103      0.200000      0.002289
     494      0.060704      0.200000      0.001334
     495      0.053574      0.200000      0.001636
     496      0.049328      0.200000      0.009344
     497      0.075336      0.200000      0.005069
     498      0.079528      0.200000      0.001801
     499      0.086543      0.200000      0.002009
     500      0.087812      0.200000      0.010258
     501      0.086917      0.200000      0.009051
     502      0.070606      0.200000      0.003640
     503      0.052610      0.200000      0.002604
     504      0.055276      0.200000      0.001529
     505      0.068343      0.200000      0.001706
     506      0.061171      0.200000      0.007312
     507      0.060981      0.200000      0.009389
     508      0.063317      0.200000      0.001192
     509      0.060912      0.200000      0.003438
     510      0.064241      0.200000      0.001158
     511      0.062222      0.200000      0.003432
     512      0.054758      0.200000      0.000928
     513      0.051822      0.200000      0.001104
     514      0.049930      0.200000      0.003421
     515      0.052578      0.200000      0.001121
     516      0.050967      0.200000      0.002172
     517      0.075127      0.200000      0.009153
     518      0.086337      0.200000      0.008436
     519      0.082886      0.200000      0.006967
     520      0.082061      0.200000      0.005235
     521      0.079016      0.200000      0.004207
     522      0.062112      0.200000      0.004368
     523      0.061377      0.200000      0.001521
     524      0.052806      0.200000      0.001021
     525      0.051446      0.200000      0.002134
     526      0.052446      0.200000      0.002247
     527      0.058362      0.200000      0.001628
     528      0.053746      0.200000      0.001342
     529      0.057162      0.200000      0.001056
     530      0.068239      0.200000      0.003411
     531      0.068972      0.200000      0.001446
     532      0.061072      0.200000      0.002399
     533      0.064087      0.200000      0.001043
     534      0.056469      0.200000      0.001418
     535      0.064745      0.200000      0.001631
     536      0.081929      0.200000      0.005322
     537      0.086980      0.200000      0.008947
     538      0.087480      0.200000      0.009690
     539      0.088313      0.200000      0.010154
     540      0.087058      0.200000      0.009615
     541      0.075276      0.200000      0.005433
     542      0.049385      0.200000      0.004023
     543      0.061730      0.200000      0.003014
     544      0.056131      0.200000      0.001551
     545      0.058828      0.200000      0.003417
     546      0.050951      0.200000      0.003343
     547      0.059217      0.200000      0.004664
     548      0.066012      0.200000      0.004906
     549      0.062672      0.200000      0.002740
     550      0.062127      0.200000      0.001916
     551      0.064831      0.200000      0.000892
     552      0.056194      0.200000      0.003938
     553      0.054787      0.200000      0.001292
     554      0.065726      0.200000      0.001934
     555      0.058608      0.200000      0.000846
     556      0.052857      0.200000      0.002106
     557      0.058310      0.200000      0.004165
     558      0.063034      0.200000      0.007704
     559      0.069828      0.200000      0.008313
     560      0.072022      0.200000      0.006142
     561      0.072073      0.200000      0.004302
     562      0.069747      0.200000      0.003327
     563      0.070060      0.200000      0.002828
     564      0.076002      0.200000      0.003227
     565      0.079911      0.200000      0.003263
     566      0.081154      0.200000      0.001348
     567      0.084901      0.200000      0.001882
     568      0.086614      0.200000      0.007190
     569      0.076369      0.200000      0.002858
     570      0.046628      0.200000      0.002938
     571      0.056648      0.200000      0.001273
     572      0.067071      0.200000      0.001725
     573      0.063268      0.200000      0.002441
     574      0.071035      0.200000      0.005245
     575      0.082967      0.200000      0.010623
     576      0.084233      0.200000      0.008422
     577      0.062750      0.200000      0.002133
     578      0.052750      0.200000      0.006314
     579      0.053836      0.200000      0.001339
     580      0.051363      0.200000      0.003038
     581      0.055458      0.200000      0.002199
     582      0.052660      0.200000      0.001083
     583      0.054648      0.200000      0.001880
     584      0.066437      0.200000      0.006493
     585      0.069107      0.200000      0.008002
     586      0.069917      0.200000      0.004049
     587      0.068921      0.200000      0.002712
     588      0.066703      0.200000      0.002602
     589      0.069722      0.200000      0.002815
     590      0.070590      0.200000      0.003662
     591      0.070258      0.200000      0.004647
     592      0.072727      0.200000      0.004223
     593      0.079378      0.200000      0.004049
     594      0.079275      0.200000      0.005148
     595      0.068291      0.200000      0.003495
     596      0.061744      0.200000      0.007381
     597      0.062827      0.200000      0.001125
     598      0.058838      0.200000      0.001717
     599      0.072840      0.200000      0.003364
     600      0.086713      0.200000      0.004555
     601      0.086398      0.200000      0.015448
     602      0.085049      0.200000      0.009602
     603      0.072989      0.200000      0.002200
     604      0.051045      0.200000      0.001557
     605      0.052013      0.200000      0.002388
     606      0.056836      0.200000      0.003588
     607      0.066803      0.200000      0.008045
     608      0.078775      0.200000      0.009609
     609      0.075591      0.200000      0.004773
     610      0.060546      0.200000      0.004910
     611      0.059574      0.200000      0.000822
     612      0.049545      0.200000      0.001000
     613      0.056073      0.200000      0.000811
     614      0.054309      0.200000      0.001329
     615      0.049247      0.200000      0.003466
     616      0.059894      0.200000      0.002080
     617      0.061807      0.200000      0.002050
     618      0.056152      0.200000      0.001725
     619      0.049419      0.200000      0.003647
     620      0.069240      0.200000      0.003929
     621      0.052674      0.200000      0.001656
     622      0.051642      0.200000      0.002667
     623      0.064146      0.200000      0.000898
     624      0.051095      0.200000      0.001245
     625      0.056615      0.200000      0.003127
     626      0.074158      0.200000      0.008479
     627      0.084299      0.200000      0.008033
     628      0.076382      0.200000      0.008199
     629      0.079171      0.200000      0.004390
     630      0.085327      0.200000      0.001158
     631      0.071581      0.200000      0.000855
     632      0.075733      0.200000      0.002753
     633      0.081671      0.200000      0.005108
     634      0.069421      0.200000      0.001624
     635      0.051083      0.200000      0.005652
     636      0.053175      0.200000      0.001906
     637      0.053795      0.200000      0.000998
     638      0.073594      0.200000      0.006230
     639      0.066184      0.200000      0.004133
     640      0.061860      0.200000      0.003049
     641      0.063538      0.200000      0.002191
     642      0.061492      0.200000      0.003638
     643      0.053138      0.200000      0.001406
     644      0.052109      0.200000      0.001854
     645      0.051458      0.200000      0.003955
     646      0.059994      0.200000      0.000805
     647      0.065310      0.200000      0.001073
     648      0.050995      0.200000      0.006556
     649      0.052161      0.200000      0.003179
     650      0.055935      0.200000      0.004295
     651      0.069508      0.200000      0.008331
     652      0.065121      0.200000      0.004021
     653      0.071356      0.200000      0.004080
     654      0.070828      0.200000      0.002914
     655      0.072048      0.200000      0.003558
     656      0.074384      0.200000      0.003574
     657      0.080414      0.200000      0.003108
     658      0.088067      0.200000      0.011986
     659      0.081514      0.200000      0.008530
     660      0.054599      0.200000      0.003230
     661      0.072252      0.200000      0.002587
     662      0.084751      0.200000      0.001724
     663      0.087050      0.200000      0.011682
     664      0.067260      0.200000      0.004460
     665      0.062112      0.200000      0.004092
     666      0.066232      0.200000      0.004018
     667      0.057677      0.200000      0.002430
     668      0.060781      0.200000      0.003017
     669      0.061346      0.200000      0.002670
     670      0.063083      0.200000      0.001023
     671      0.068705      0.200000      0.003405
     672      0.059556      0.200000      0.003204
     673      0.051995      0.200000      0.003067
     674      0.060022      0.200000      0.002293
     675      0.056186      0.200000      0.001925
     676      0.053994      0.200000      0.002790
     677      0.062073      0.200000      0.002343
     678      0.052219      0.200000      0.002816
     679      0.062913      0.200000      0.004966
     680      0.072298      0.200000      0.008225
     681      0.081276      0.200000      0.007814
     682      0.086113      0.200000      0.014149
     683      0.086827      0.200000      0.010337
     684      0.081222      0.200000      0.011556
     685      0.068936      0.200000      0.002238
     686      0.061828      0.200000      0.010233
     687      0.078440      0.200000      0.012245
     688      0.062396      0.200000      0.006903
     689      0.061335      0.200000      0.007675
     690      0.061101      0.200000      0.010152
     691      0.060360      0.200000      0.002934
     692      0.073620      0.200000      0.003000
     693      0.052912      0.200000      0.006003
     694      0.054797      0.200000      0.009536
     695      0.069748      0.200000      0.003221
     696      0.062851      0.200000      0.002360
     697      0.067318      0.200000      0.002444
     698      0.051063      0.200000      0.002691
     699      0.049892      0.200000      0.001313
     700      0.052065      0.200000      0.003039
     701      0.058503      0.200000      0.001203
     702      0.050821      0.200000      0.003405
     703      0.057336      0.200000      0.002395
     704      0.066216      0.200000      0.001306
     705      0.081632      0.200000      0.004797
     706      0.087074      0.200000      0.010016
     707      0.086030      0.200000      0.011076
     708      0.084872      0.200000      0.006350
     709      0.086218      0.200000      0.009887
     710      0.086984      0.200000      0.013831
     711      0.079582      0.200000      0.006484
     712      0.050513      0.200000      0.002393
     713      0.060761      0.200000      0.002664
     714      0.064701      0.200000      0.000849
     715      0.061831      0.200000      0.001031
     716      0.065007      0.200000      0.002504
     717      0.078838      0.200000      0.004693
     718      0.085049      0.200000      0.011501
     719      0.084906      0.200000      0.012762
     720      0.084398      0.200000      0.006480
     721      0.078846      0.200000      0.000962
     722      0.060430      0.200000      0.001406
     723      0.050467      0.200000      0.002870
     724      0.056625      0.200000      0.002489
     725      0.067580      0.200000      0.007104
     726      0.074033      0.200000      0.008032
     727      0.070381      0.200000      0.001389
     728      0.051083      0.200000      0.003255
     729      0.076840      0.200000      0.007328
     730      0.069468      0.200000      0.003010
     731      0.064260      0.200000      0.002924
     732      0.085871      0.200000      0.012530
     733      0.087997      0.200000      0.010950
     734      0.087328      0.200000      0.012021
     735      0.087864      0.200000      0.009461
     736      0.086551      0.200000      0.009178
     737      0.083951      0.200000      0.008990
     738      0.075055      0.200000      0.003418
     739      0.076665      0.200000      0.003884
     740      0.070300      0.200000      0.004141
     741      0.048840      0.200000      0.004777
     742      0.078089      0.200000      0.001885
     743      0.065233      0.200000      0.003577
     744      0.062848      0.200000      0.002841
     745      0.066505      0.200000      0.002335
     746      0.078387      0.200000      0.003212
     747      0.052204      0.200000      0.001950
     748      0.055746      0.200000      0.001270
     749      0.054564      0.200000      0.001758
     750      0.052463      0.200000      0.001748
     751      0.053487      0.200000      0.003550
     752      0.060695      0.200000      0.002488
     753      0.072049      0.200000      0.002359
     754      0.075519      0.200000      0.003465
     755      0.067666      0.200000      0.003893
     756      0.060384      0.200000      0.003979
     757      0.075675      0.200000      0.001447
     758      0.086072      0.200000      0.004241
     759      0.082645      0.200000      0.008010
     760      0.068848      0.200000      0.006958
     761      0.055195      0.200000      0.004929
     762      0.064607      0.200000      0.002973
     763      0.066718      0.200000      0.000991
     764      0.058875      0.200000      0.001066
     765      0.051490      0.200000      0.001025
     766      0.059166      0.200000      0.000928
     767      0.079260      0.200000      0.003325
     768      0.085875      0.200000      0.008630
     769      0.087612      0.200000      0.012600
     770      0.074028      0.200000      0.003704
     771      0.049450      0.200000      0.002855
     772      0.072719      0.200000      0.003639
     773      0.061227      0.200000      0.006811
     774      0.062776      0.200000      0.004303
     775      0.061602      0.200000      0.002299
     776      0.059661      0.200000      0.000951
     777      0.060549      0.200000      0.003390
     778      0.056057      0.200000      0.003878
     779      0.055454      0.200000      0.001286
